#ID	Chr	Start	End	TumorCoverage	NormalCoverage
c1_1_1:c1_1_6525379	1	1	6525379	14322457	14363967
c2_1_6525380:c2_1_6570788	1	6525380	6570788	78740	110828
c3_1_6570789:c3_1_8175806	1	6570789	8175806	3232365	3688267
c4_1_8175807:c4_1_8401105	1	8175807	8401105	526044	514540
c5_1_8401106:c5_1_8734020	1	8401106	8734020	667121	749716
c6_1_8734021:c6_1_9010795	1	8734021	9010795	742818	627871
c7_1_9010796:c7_1_20098397	1	9010796	20098397	22111007	25265317
c8_1_20098398:c8_1_23389898	1	20098398	23389898	7715649	7599351
c9_1_23389899:c9_1_48284512	1	23389899	48284512	49866035	56821495
c10_1_48284513:c10_1_51848768	1	48284513	51848768	7956547	7833459
c11_1_51848769:c11_1_53326317	1	51848769	53326317	2935133	3287603
c12_1_53326318:c12_1_53472005	1	53326318	53472005	240562	321274
c13_1_53472006:c13_1_58599187	1	53472006	58599187	10203891	11672807
c14_1_58599188:c14_1_58605869	1	58599188	58605869	11759	16163
c15_1_58605870:c15_1_70758650	1	58605870	70758650	23807260	26782168
c16_1_70758651:c16_1_70759228	1	70758651	70759228	1412	1574
c17_1_70759229:c17_1_79477726	1	70759229	79477726	16487174	18693039
c18_1_79477727:c18_1_79478091	1	79477727	79478091	790	1064
c19_1_79478092:c19_1_84332073	1	79478092	84332073	9106623	10280547
c20_1_84332074:c20_1_84755631	1	84332074	84755631	1074599	901874
c21_1_84755632:c21_1_94591115	1	84755632	94591115	19267855	21866188
c22_1_94591116:c22_1_94942520	1	94591116	94942520	963310	779843
c23_1_94942521:c23_1_102183819	1	94942521	102183819	14011899	15851200
c24_1_102183820:c24_1_104021359	1	102183820	104021359	3191832	3643623
c25_1_104021360:c25_1_107899050	1	104021360	107899050	6023615	7960888
c26_1_107899051:c26_1_121098840	1	107899051	121098840	25683874	29326654
c27_1_121098841:c27_1_121484879	1	121098841	121484879	6063361	5679090
c28_1_121484880:c28_1_150447295	1	121484880	150447295	40054306	41348026
c29_1_150447296:c29_1_150722231	1	150447296	150722231	751280	615302
c30_1_150722232:c30_1_155257199	1	150722232	155257199	9242755	10285542
c31_1_155257200:c31_1_155280394	1	155257200	155280394	41600	54964
c32_1_155280395:c32_1_200344658	1	155280395	200344658	92090806	99192088
c33_1_200344659:c33_1_200379341	1	200344659	200379341	72435	77274
c34_1_200379342:c34_1_200869361	1	200379342	200869361	1118453	1092280
c35_1_200869362:c35_1_200878047	1	200869362	200878047	21429	21569
c36_1_200878048:c36_1_200903945	1	200878048	200903945	66691	59671
c37_1_200903946:c37_1_201983070	1	200903946	201983070	2500262	2562375
c38_1_201983071:c38_1_202393356	1	201983071	202393356	1137354	946177
c39_1_202393357:c39_1_203329804	1	202393357	203329804	2119493	2189409
c40_1_203329805:c40_1_203394557	1	203329805	203394557	224251	151980
c41_1_203394558:c41_1_203398238	1	203394558	203398238	12735	9724
c42_1_203398239:c42_1_205067011	1	203398239	205067011	4855153	3900149
c43_1_205067012:c43_1_205438456	1	205067012	205438456	968505	863492
c44_1_205438457:c44_1_209344657	1	205438457	209344657	9294432	8476526
c45_1_209344658:c45_1_212475063	1	209344658	212475063	7895858	7080171
c46_1_212475064:c46_1_213173510	1	212475064	213173510	2309993	1600868
c47_1_213173511:c47_1_213186692	1	213173511	213186692	37939	30146
c48_1_213186693:c48_1_213569227	1	213186693	213569227	1112141	853728
c49_1_213569228:c49_1_217950790	1	213569228	217950790	11940963	9542407
c50_1_217950791:c50_1_220977336	1	217950791	220977336	9332037	6573374
c51_1_220977337:c51_1_221850030	1	220977337	221850030	2938673	1949097
c52_1_221850031:c52_1_222960572	1	221850031	222960572	4149666	2494130
c53_1_222960573:c53_1_222968058	1	222960573	222968058	27955	17564
c54_1_222968059:c54_1_222968671	1	222968059	222968671	2991	1818
c55_1_222968672:c55_1_223604888	1	222968672	223604888	2201013	1428557
c56_1_223604889:c56_1_235093630	1	223604889	235093630	25588474	25907921
c57_1_235093631:c57_1_235258440	1	235093631	235258440	378442	317225
c58_1_235258441:c58_1_235302313	1	235258441	235302313	112877	100132
c59_1_235302314:c59_1_246761842	1	235302314	246761842	29183432	25076669
c60_1_246761843:c60_1_246763384	1	246761843	246763384	4135	3543
c61_1_246763385:c61_1_249250621	1	246763385	249250621	1348673	1080669
c62_2_1:c62_2_2756518	2	1	2756518	5366655	7690090
c63_2_2756519:c63_2_24802397	2	2756519	24802397	42573951	61973699
c64_2_24802398:c64_2_24918221	2	24802398	24918221	256467	320152
c65_2_24918222:c65_2_38052779	2	24918222	38052779	25845854	37177925
c66_2_38052780:c66_2_62847977	2	38052780	62847977	55539704	69118368
c67_2_62847978:c67_2_63488341	2	62847978	63488341	1844897	1758726
c68_2_63488342:c68_2_86650010	2	63488342	86650010	45269771	64391395
c69_2_86650011:c69_2_97663073	2	86650011	97663073	34783326	31445002
c70_2_97663074:c70_2_104678292	2	97663074	104678292	15105949	18404612
c71_2_104678293:c71_2_104679641	2	104678293	104679641	3925	3667
c72_2_104679642:c72_2_104988410	2	104679642	104988410	998207	771804
c73_2_104988411:c73_2_104995551	2	104988411	104995551	21780	18627
c74_2_104995552:c74_2_105003330	2	104995552	105003330	22606	21212
c75_2_105003331:c75_2_105006841	2	105003331	105006841	9140	9573
c76_2_105006842:c76_2_105534250	2	105006842	105534250	1420959	1390210
c77_2_105534251:c77_2_115462928	2	105534251	115462928	21129415	24848612
c78_2_115462929:c78_2_115463241	2	115462929	115463241	657	1268
c79_2_115463242:c79_2_115731707	2	115463242	115731707	533340	687433
c80_2_115731708:c80_2_143634751	2	115731708	143634751	53013731	72979063
c81_2_143634752:c81_2_143640816	2	143634752	143640816	9977	16763
c82_2_143640817:c82_2_153204332	2	143640817	153204332	18003201	24897173
c83_2_153204333:c83_2_153313685	2	153204333	153313685	181507	303155
c84_2_153313686:c84_2_166256480	2	153313686	166256480	24547687	33524618
c85_2_166256481:c85_2_166985948	2	166256481	166985948	1772268	1859087
c86_2_166985949:c86_2_180252803	2	166985949	180252803	25454507	35084743
c87_2_180252804:c87_2_180253061	2	180252804	180253061	413	909
c88_2_180253062:c88_2_243199373	2	180253062	243199373	120358018	165605696
c89_3_1:c89_3_9349592	3	1	9349592	17981822	20486090
c90_3_9349593:c90_3_9446644	3	9349593	9446644	258617	218703
c91_3_9446645:c91_3_9718273	3	9446645	9718273	540984	603390
c92_3_9718274:c92_3_10124897	3	9718274	10124897	1254079	946060
c93_3_10124898:c93_3_13587019	3	10124898	13587019	7061021	8029749
c94_3_13587020:c94_3_37588530	3	13587020	37588530	46607619	52904728
c95_3_37588531:c95_3_37761284	3	37588531	37761284	470094	403533
c96_3_37761285:c96_3_39811743	3	37761285	39811743	4091128	4717046
c97_3_39811744:c97_3_41354182	3	39811744	41354182	4480016	3455597
c98_3_41354183:c98_3_52599302	3	41354183	52599302	18994200	25802922
c99_3_52599303:c99_3_52663488	3	52599303	52663488	64298	142478
c100_3_52663489:c100_3_85232670	3	52663489	85232670	52934475	71068667
c101_3_85232671:c101_3_85236301	3	85232671	85236301	8170	7961
c102_3_85236302:c102_3_85236506	3	85236302	85236506	674	617
c103_3_85236507:c103_3_85709929	3	85236507	85709929	1010733	983078
c104_3_85709930:c104_3_85712860	3	85709930	85712860	4919	6570
c105_3_85712861:c105_3_94397122	3	85712861	94397122	15927815	14955293
c106_3_94397123:c106_3_95619065	3	94397123	95619065	3021075	2525460
c107_3_95619066:c107_3_117038255	3	95619066	117038255	47021321	46714923
c108_3_117038256:c108_3_117042029	3	117038256	117042029	7084	8225
c109_3_117042030:c109_3_125807875	3	117042030	125807875	19782548	19689547
c110_3_125807876:c110_3_125854520	3	125807876	125854520	97005	110744
c111_3_125854521:c111_3_156314325	3	125854521	156314325	74259359	67556416
c112_3_156314326:c112_3_156314503	3	156314326	156314503	719	684
c113_3_156314504:c113_3_170034876	3	156314504	170034876	32932414	29271053
c114_3_170034877:c114_3_173225490	3	170034877	173225490	9140937	7114332
c115_3_173225491:c115_3_173225787	3	173225491	173225787	904	798
c116_3_173225788:c116_3_193623917	3	173225788	193623917	50352673	44890016
c117_3_193623918:c117_3_193630280	3	193623918	193630280	13112	15447
c118_3_193630281:c118_3_193965507	3	193630281	193965507	868609	774730
c119_3_193965508:c119_3_195251276	3	193965508	195251276	3684520	2929691
c120_3_195251277:c120_3_195251329	3	195251277	195251329	388	306
c121_3_195251330:c121_3_198022430	3	195251330	198022430	7939582	6316090
c122_4_1:c122_4_7327180	4	1	7327180	14540372	17207419
c123_4_7327181:c123_4_7336470	4	7327181	7336470	9450	23161
c124_4_7336471:c124_4_13501813	4	7336471	13501813	11614691	13536313
c125_4_13501814:c125_4_13502272	4	13501814	13502272	719	1201
c126_4_13502273:c126_4_13542838	4	13502273	13542838	76783	89689
c127_4_13542839:c127_4_13544279	4	13542839	13544279	2637	3628
c128_4_13544280:c128_4_14829049	4	13544280	14829049	2436378	2817884
c129_4_14829050:c129_4_15666710	4	14829050	15666710	2120079	1844833
c130_4_15666711:c130_4_22961616	4	15666711	22961616	13711554	15716634
c131_4_22961617:c131_4_22968856	4	22961617	22968856	7356	16299
c132_4_22968857:c132_4_37749564	4	22968857	37749564	27317621	31524556
c133_4_37749565:c133_4_37750714	4	37749565	37750714	2184	2993
c134_4_37750715:c134_4_41715507	4	37750715	41715507	7760666	8928885
c135_4_41715508:c135_4_41724293	4	41715508	41724293	15000	20561
c136_4_41724294:c136_4_54999009	4	41724294	54999009	25228394	27567494
c137_4_54999010:c137_4_55000717	4	54999010	55000717	4018	3764
c138_4_55000718:c138_4_57885216	4	55000718	57885216	7480135	6346962
c139_4_57885217:c139_4_60698359	4	57885217	60698359	7510086	5842537
c140_4_60698360:c140_4_66132441	4	60698360	66132441	11444012	11114739
c141_4_66132442:c141_4_83745021	4	66132442	83745021	28759864	38341376
c142_4_83745022:c142_4_83745137	4	83745022	83745137	247	337
c143_4_83745138:c143_4_92305223	4	83745138	92305223	14031872	18576646
c144_4_92305224:c144_4_92885587	4	92305224	92885587	580841	1199505
c145_4_92885588:c145_4_92890030	4	92885588	92890030	6650	9058
c146_4_92890031:c146_4_157232763	4	92890031	157232763	101285182	138357023
c147_4_157232764:c147_4_157232980	4	157232764	157232980	382	598
c148_4_157232981:c148_4_191154276	4	157232981	191154276	53843548	72927267
c149_5_1:c149_5_11509549	5	1	11509549	35537463	25850110
c150_5_11509550:c150_5_23768049	5	11509550	23768049	33133962	26075643
c151_5_23768050:c151_5_23769787	5	23768050	23769787	3625	3186
c152_5_23769788:c152_5_30463639	5	23769788	30463639	17430467	13713162
c153_5_30463640:c153_5_30475529	5	30463640	30475529	27926	24498
c154_5_30475530:c154_5_32367106	5	30475530	32367106	5297330	4147277
c155_5_32367107:c155_5_43171839	5	32367107	43171839	23945801	23968045
c156_5_43171840:c156_5_43188788	5	43171840	43188788	32381	37769
c157_5_43188789:c157_5_100665787	5	43188789	100665787	120140920	120209236
c158_5_100665788:c158_5_100678310	5	100665788	100678310	22927	27179
c159_5_100678311:c159_5_113923346	5	100678311	113923346	28435974	28547238
c160_5_113923347:c160_5_113966357	5	113923347	113966357	80747	93224
c161_5_113966358:c161_5_152684300	5	113966358	152684300	85985364	85992051
c162_5_152684301:c162_5_154075189	5	152684301	154075189	3490451	3158650
c163_5_154075190:c163_5_154141891	5	154075190	154141891	147911	149990
c164_5_154141892:c164_5_164357885	5	154141892	164357885	24703312	22475297
c165_5_164357886:c165_5_180915260	5	164357886	180915260	45408728	36715244
c166_6_1:c166_6_10615949	6	1	10615949	20428951	22652165
c167_6_10615950:c167_6_10671611	6	10615950	10671611	126563	121391
c168_6_10671612:c168_6_24910139	6	10671612	24910139	31250165	30209893
c169_6_24910140:c169_6_29997614	6	24910140	29997614	8154108	10654325
c170_6_29997615:c170_6_31250553	6	29997615	31250553	3335042	2753995
c171_6_31250554:c171_6_31644313	6	31250554	31644313	1281907	851805
c172_6_31644314:c172_6_36060468	6	31644314	36060468	10098759	9486133
c173_6_36060469:c173_6_37914829	6	36060469	37914829	3742623	4108088
c174_6_37914830:c174_6_37916192	6	37914830	37916192	3319	2815
c175_6_37916193:c175_6_38087371	6	37916193	38087371	541077	363154
c176_6_38087372:c176_6_38098806	6	38087372	38098806	44382	25572
c177_6_38098807:c177_6_38109050	6	38098807	38109050	34232	23053
c178_6_38109051:c178_6_38443230	6	38109051	38443230	849326	724185
c179_6_38443231:c179_6_38455819	6	38443231	38455819	29053	28504
c180_6_38455820:c180_6_51788453	6	38455820	51788453	31019017	28329482
c181_6_51788454:c181_6_51798857	6	51788454	51798857	27313	23508
c182_6_51798858:c182_6_51802662	6	51798858	51802662	9919	8567
c183_6_51802663:c183_6_52085773	6	51802663	52085773	637914	619380
c184_6_52085774:c184_6_52407127	6	52085774	52407127	837214	710626
c185_6_52407128:c185_6_52544053	6	52407128	52544053	398392	301693
c186_6_52544054:c186_6_53757411	6	52544054	53757411	2358041	2630491
c187_6_53757412:c187_6_53758126	6	53757412	53758126	1319	1697
c188_6_53758127:c188_6_54168190	6	53758127	54168190	781164	854661
c189_6_54168191:c189_6_58483945	6	54168191	58483945	7073859	9284497
c190_6_58483946:c190_6_58516707	6	58483946	58516707	68498	65667
c191_6_58516708:c191_6_58778562	6	58516708	58778562	1738282	2508798
c192_6_58778563:c192_6_58778989	6	58778563	58778989	393673	562406
c193_6_58778990:c193_6_108749997	6	58778990	108749997	102650502	97983207
c194_6_108749998:c194_6_109022578	6	108749998	109022578	544237	575492
c195_6_109022579:c195_6_130028807	6	109022579	130028807	45289092	42863079
c196_6_130028808:c196_6_130325193	6	130028808	130325193	997779	623926
c197_6_130325194:c197_6_167305031	6	130325194	167305031	80651119	76767823
c198_6_167305032:c198_6_171115067	6	167305032	171115067	8651993	7464703
c199_7_1:c199_7_30024791	7	1	30024791	57702269	66312587
c200_7_30024792:c200_7_43517282	7	30024792	43517282	26214946	30139271
c201_7_43517283:c201_7_44922606	7	43517283	44922606	4197141	3248700
c202_7_44922607:c202_7_44953574	7	44922607	44953574	118728	70604
c203_7_44953575:c203_7_47827665	7	44953575	47827665	8529136	6483340
c204_7_47827666:c204_7_53816246	7	47827666	53816246	16585009	13029637
c205_7_53816247:c205_7_53821055	7	53816247	53821055	9235	9999
c206_7_53821056:c206_7_56511685	7	53821056	56511685	7675900	5907547
c207_7_56511686:c207_7_57445580	7	56511686	57445580	2430192	1857475
c208_7_57445581:c208_7_61969418	7	57445581	61969418	10911734	10099882
c209_7_61969419:c209_7_62203115	7	61969419	62203115	3173787	3421436
c210_7_62203116:c210_7_82243151	7	62203116	82243151	31408882	42165316
c211_7_82243152:c211_7_82301821	7	82243152	82301821	94085	127636
c212_7_82301822:c212_7_85887076	7	82301822	85887076	5796285	7465164
c213_7_85887077:c213_7_85889759	7	85887077	85889759	4747	5592
c214_7_85889760:c214_7_91832092	7	85889760	91832092	9500095	12968941
c215_7_91832093:c215_7_92009978	7	91832093	92009978	234837	388564
c216_7_92009979:c216_7_137130025	7	92009979	137130025	74413755	99127192
c217_7_137130026:c217_7_140079034	7	137130026	140079034	5659297	6616392
c218_7_140079035:c218_7_140079450	7	140079035	140079450	819	1034
c219_7_140079451:c219_7_140611065	7	140079451	140611065	1022040	1171338
c220_7_140611066:c220_7_140630315	7	140611066	140630315	42799	42327
c221_7_140630316:c221_7_140655583	7	140630316	140655583	48033	55368
c222_7_140655584:c222_7_140930510	7	140655584	140930510	610607	612580
c223_7_140930511:c223_7_140934277	7	140930511	140934277	8799	9310
c224_7_140934278:c224_7_140938130	7	140934278	140938130	7725	9258
c225_7_140938131:c225_7_141011092	7	140938131	141011092	165808	167908
c226_7_141011093:c226_7_159138663	7	141011093	159138663	29139066	39127102
c227_8_1:c227_8_10704532	8	1	10704532	16506494	22767903
c228_8_10704533:c228_8_37931222	8	10704533	37931222	44143667	59898818
c229_8_37931223:c229_8_37931774	8	37931223	37931774	575	658
c230_8_37931775:c230_8_43331135	8	37931775	43331135	10446990	11947018
c231_8_43331136:c231_8_43501469	8	43331136	43501469	897328	386937
c232_8_43501470:c232_8_48726298	8	43501470	48726298	10629547	8749958
c233_8_48726299:c233_8_48732080	8	48726299	48732080	19722	12796
c234_8_48732081:c234_8_48732511	8	48732081	48732511	1601	1056
c235_8_48732512:c235_8_61554985	8	48732512	61554985	34912906	28153981
c236_8_61554986:c236_8_61637128	8	61554986	61637128	228215	186719
c237_8_61637129:c237_8_87171415	8	61637129	87171415	69977949	55186999
c238_8_87171416:c238_8_87171645	8	87171416	87171645	720	622
c239_8_87171646:c239_8_87213466	8	87171646	87213466	88618	88246
c240_8_87213467:c240_8_87217099	8	87213467	87217099	9784	8037
c241_8_87217100:c241_8_95892529	8	87217100	95892529	23194990	18725564
c242_8_95892530:c242_8_95914945	8	95892530	95914945	56581	50718
c243_8_95914946:c243_8_97336520	8	95914946	97336520	3949044	3205440
c244_8_97336521:c244_8_98250842	8	97336521	98250842	3089648	2036773
c245_8_98250843:c245_8_102462745	8	98250843	102462745	11727712	9466767
c246_8_102462746:c246_8_102464073	8	102462746	102464073	5751	3567
c247_8_102464074:c247_8_114742943	8	102464074	114742943	46360137	26415783
c248_8_114742944:c248_8_114813544	8	114742944	114813544	240385	149310
c249_8_114813545:c249_8_114813553	8	114813545	114813553	388	244
c250_8_114813554:c250_8_114813691	8	114813554	114813691	870	622
c251_8_114813692:c251_8_114829816	8	114813692	114829816	40317	33798
c252_8_114829817:c252_8_114859460	8	114829817	114859460	89137	61771
c253_8_114859461:c253_8_115424082	8	114859461	115424082	1408791	1166314
c254_8_115424083:c254_8_118310137	8	115424083	118310137	9349950	6205243
c255_8_118310138:c255_8_118335260	8	118310138	118335260	78290	56171
c256_8_118335261:c256_8_119971838	8	118335261	119971838	5594278	3651962
c257_8_119971839:c257_8_122710710	8	119971839	122710710	8893441	5932469
c258_8_122710711:c258_8_124004633	8	122710711	124004633	4667414	2874624
c259_8_124004634:c259_8_124088187	8	124004634	124088187	235070	186728
c260_8_124088188:c260_8_135426761	8	124088188	135426761	41513610	25608383
c261_8_135426762:c261_8_144105398	8	135426762	144105398	31148280	19618357
c262_8_144105399:c262_8_144123987	8	144105399	144123987	58679	42844
c263_8_144123988:c263_8_146364022	8	144123988	146364022	7624416	4770043
c264_9_1:c264_9_28551941	9	1	28551941	38118013	62282861
c265_9_28551942:c265_9_75072649	9	28551942	75072649	65017330	69031142
c266_9_75072650:c266_9_126052312	9	75072650	126052312	96715703	112905250
c267_9_126052313:c267_9_134440578	9	126052313	134440578	16368005	19235898
c268_9_134440579:c268_9_141213431	9	134440579	141213431	11474883	13625350
c269_10_1:c269_10_118984	10	1	118984	199107	168796
c270_10_118985:c270_10_3378455	10	118985	3378455	8523754	7359746
c271_10_3378456:c271_10_24254039	10	3378456	24254039	59650477	45898520
c272_10_24254040:c272_10_28046995	10	24254040	28046995	12296014	8406947
c273_10_28046996:c273_10_29529473	10	28046996	29529473	4321151	3237869
c274_10_29529474:c274_10_29758378	10	29529474	29758378	592947	508977
c275_10_29758379:c275_10_29760112	10	29758379	29760112	4504	4557
c276_10_29760113:c276_10_37484693	10	29760113	37484693	19596529	17112815
c277_10_37484694:c277_10_52749187	10	37484694	52749187	86845707	83663649
c278_10_52749188:c278_10_52751070	10	52749188	52751070	6587	4260
c279_10_52751071:c279_10_52793144	10	52751071	52793144	106047	92204
c280_10_52793145:c280_10_52793235	10	52793145	52793235	752	615
c281_10_52793236:c281_10_52793768	10	52793236	52793768	1520	1259
c282_10_52793769:c282_10_53029103	10	52793769	53029103	581221	500211
c283_10_53029104:c283_10_56066695	10	53029104	56066695	7480730	6427484
c284_10_56066696:c284_10_56254156	10	56066696	56254156	386805	381563
c285_10_56254157:c285_10_63509462	10	56254157	63509462	17762266	15484319
c286_10_63509463:c286_10_65664358	10	63509463	65664358	5542311	4851764
c287_10_65664359:c287_10_71970161	10	65664359	71970161	11944501	13745199
c288_10_71970162:c288_10_71970392	10	71970162	71970392	666	760
c289_10_71970393:c289_10_88857110	10	71970393	88857110	32691762	38076497
c290_10_88857111:c290_10_88961745	10	88857111	88961745	165626	220341
c291_10_88961746:c291_10_106779853	10	88961746	106779853	34683157	40165669
c292_10_106779854:c292_10_106801534	10	106779854	106801534	34760	47533
c293_10_106801535:c293_10_119818880	10	106801535	119818880	24781127	28775623
c294_10_119818881:c294_10_119838481	10	119818881	119838481	30839	41968
c295_10_119838482:c295_10_128214281	10	119838482	128214281	16419184	19058827
c296_10_128214282:c296_10_128215541	10	128214282	128215541	2798	2853
c297_10_128215542:c297_10_128244549	10	128215542	128244549	56814	63400
c298_10_128244550:c298_10_128255963	10	128244550	128255963	18658	25034
c299_10_128255964:c299_10_135534747	10	128255964	135534747	13622963	15849043
c300_11_1:c300_11_6051463	11	1	6051463	12217789	13520584
c301_11_6051464:c301_11_6399633	11	6051464	6399633	1072016	784652
c302_11_6399634:c302_11_7311019	11	6399634	7311019	2279269	2066867
c303_11_7311020:c303_11_8436841	11	7311020	8436841	3149599	2559156
c304_11_8436842:c304_11_8438941	11	8436842	8438941	5117	5077
c305_11_8438942:c305_11_10543603	11	8438942	10543603	5423821	4736945
c306_11_10543604:c306_11_11304727	11	10543604	11304727	1518850	1746807
c307_11_11304728:c307_11_12365243	11	11304728	12365243	2819073	2443562
c308_11_12365244:c308_11_18382544	11	12365244	18382544	11621504	13460661
c309_11_18382545:c309_11_18414672	11	18382545	18414672	52694	71937
c310_11_18414673:c310_11_29826530	11	18414673	29826530	22340715	24587688
c311_11_29826531:c311_11_36614713	11	29826531	36614713	13142392	15209761
c312_11_36614714:c312_11_39311837	11	36614714	39311837	6570098	5671871
c313_11_39311838:c313_11_45561135	11	39311838	45561135	11908650	13661789
c314_11_45561136:c314_11_48444818	11	45561136	48444818	7561806	6635424
c315_11_48444819:c315_11_48866740	11	48444819	48866740	1079309	948444
c316_11_48866741:c316_11_49762307	11	48866741	49762307	2615969	1870978
c317_11_49762308:c317_11_51577969	11	49762308	51577969	3825431	3540723
c318_11_51577970:c318_11_57956832	11	51577970	57956832	10668343	10969022
c319_11_57956833:c319_11_57957757	11	57956833	57957757	2648	2211
c320_11_57957758:c320_11_58670082	11	57957758	58670082	1536952	1567043
c321_11_58670083:c321_11_59852879	11	58670083	59852879	2992877	2687393
c322_11_59852880:c322_11_60046743	11	59852880	60046743	591705	435616
c323_11_60046744:c323_11_60060134	11	60046744	60060134	34555	30877
c324_11_60060135:c324_11_60060692	11	60060135	60060692	1413	1547
c325_11_60060693:c325_11_62136803	11	60060693	62136803	4095120	4784902
c326_11_62136804:c326_11_62347004	11	62136804	62347004	542683	487894
c327_11_62347005:c327_11_63698233	11	62347005	63698233	2668489	3067004
c328_11_63698234:c328_11_63698237	11	63698234	63698237	122	227
c329_11_63698238:c329_11_63701788	11	63698238	63701788	4122	7999
c330_11_63701789:c330_11_63703282	11	63701789	63703282	1594	3788
c331_11_63703283:c331_11_65171035	11	63703283	65171035	2981106	3499358
c332_11_65171036:c332_11_65190570	11	65171036	65190570	34837	45884
c333_11_65190571:c333_11_65278764	11	65190571	65278764	178404	200536
c334_11_65278765:c334_11_67548104	11	65278765	67548104	5307721	5281606
c335_11_67548105:c335_11_68865683	11	67548105	68865683	2626949	3050307
c336_11_68865684:c336_11_68867136	11	68865684	68867136	7953	3694
c337_11_68867137:c337_11_69180696	11	68867137	69180696	2292090	679019
c338_11_69180697:c338_11_69583969	11	69180697	69583969	4222664	944912
c339_11_69583970:c339_11_69594931	11	69583970	69594931	70081	25761
c340_11_69594932:c340_11_69712053	11	69594932	69712053	639674	275175
c341_11_69712054:c341_11_69712609	11	69712054	69712609	4070	1501
c342_11_69712610:c342_11_70396748	11	69712610	70396748	3406673	1491121
c343_11_70396749:c343_11_72370757	11	70396749	72370757	3991327	4605044
c344_11_72370758:c344_11_72771412	11	72370758	72771412	927385	925792
c345_11_72771413:c345_11_74339613	11	72771413	74339613	3197606	3577162
c346_11_74339614:c346_11_76612357	11	74339614	76612357	6587544	5262253
c347_11_76612358:c347_11_78351503	11	76612358	78351503	4940977	3926182
c348_11_78351504:c348_11_80476323	11	78351504	80476323	4111324	4733812
c349_11_80476324:c349_11_121068178	11	80476324	121068178	65137353	89030501
c350_11_121068179:c350_11_121343686	11	121068179	121343686	537016	646831
c351_11_121343687:c351_11_135006516	11	121343687	135006516	20946093	29681403
c352_12_1:c352_12_25498987	12	1	25498987	48228446	56144461
c353_12_25498988:c353_12_25500268	12	25498988	25500268	2754	3055
c354_12_25500269:c354_12_33805571	12	25500269	33805571	15844254	18294392
c355_12_33805572:c355_12_38051174	12	33805572	38051174	5411653	5752829
c356_12_38051175:c356_12_38694960	12	38051175	38694960	1222945	1412740
c357_12_38694961:c357_12_56649465	12	38694961	56649465	34655312	40102975
c358_12_56649466:c358_12_61538646	12	56649466	61538646	13843010	10683457
c359_12_61538647:c359_12_66107693	12	61538647	66107693	8714909	9950989
c360_12_66107694:c360_12_66250653	12	66107694	66250653	999996	321793
c361_12_66250654:c361_12_66539613	12	66250654	66539613	1906632	646519
c362_12_66539614:c362_12_66756428	12	66539614	66756428	1498023	488479
c363_12_66756429:c363_12_66804449	12	66756429	66804449	361031	108530
c364_12_66804450:c364_12_66847263	12	66804450	66847263	307748	95702
c365_12_66847264:c365_12_67076233	12	66847264	67076233	1506420	512686
c366_12_67076234:c366_12_68159969	12	67076234	68159969	7126506	2407833
c367_12_68159970:c367_12_68313722	12	68159970	68313722	1021914	336969
c368_12_68313723:c368_12_68316890	12	68313723	68316890	20047	8090
c369_12_68316891:c369_12_68891591	12	68316891	68891591	2537014	1303207
c370_12_68891592:c370_12_68903528	12	68891592	68903528	48039	28379
c371_12_68903529:c371_12_69007751	12	68903529	69007751	354532	231213
c372_12_69007752:c372_12_70176402	12	69007752	70176402	4772701	2594722
c373_12_70176403:c373_12_70262971	12	70176403	70262971	163927	188301
c374_12_70262972:c374_12_70267255	12	70262972	70267255	17838	9705
c375_12_70267256:c375_12_70361029	12	70267256	70361029	412205	207001
c376_12_70361030:c376_12_70397552	12	70361030	70397552	155893	82621
c377_12_70397553:c377_12_72365885	12	70397553	72365885	7367555	4243704
c378_12_72365886:c378_12_72369212	12	72365886	72369212	14897	8064
c379_12_72369213:c379_12_72387277	12	72369213	72387277	89027	40838
c380_12_72387278:c380_12_72401610	12	72387278	72401610	69218	32857
c381_12_72401611:c381_12_72904436	12	72401611	72904436	2718850	1102240
c382_12_72904437:c382_12_72905676	12	72904437	72905676	4451	2730
c383_12_72905677:c383_12_96542899	12	72905677	96542899	44307299	50819135
c384_12_96542900:c384_12_96559951	12	96542900	96559951	27938	39076
c385_12_96559952:c385_12_102133073	12	96559952	102133073	10540654	12277852
c386_12_102133074:c386_12_102378635	12	102133074	102378635	544706	551749
c387_12_102378636:c387_12_112754739	12	102378636	112754739	20215163	23616988
c388_12_112754740:c388_12_112755332	12	112754740	112755332	2252	1537
c389_12_112755333:c389_12_112763374	12	112755333	112763374	16013	17540
c390_12_112763375:c390_12_112822660	12	112763375	112822660	397276	131360
c391_12_112822661:c391_12_112824194	12	112822661	112824194	6024	3320
c392_12_112824195:c392_12_126365609	12	112824195	126365609	26506153	30939136
c393_12_126365610:c393_12_133851895	12	126365610	133851895	13103338	13424691
c394_13_1:c394_13_24362290	13	1	24362290	29072700	30705001
c395_13_24362291:c395_13_25598605	13	24362291	25598605	2856942	2799402
c396_13_25598606:c396_13_25604609	13	25598606	25604609	13103	13387
c397_13_25604610:c397_13_29454595	13	25604610	29454595	9465667	8629665
c398_13_29454596:c398_13_97984149	13	29454596	97984149	108265141	146978521
c399_13_97984150:c399_13_98341323	13	97984150	98341323	469387	787296
c400_13_98341324:c400_13_99161678	13	98341324	99161678	1346070	1828904
c401_13_99161679:c401_13_101738032	13	99161679	101738032	6464568	5833589
c402_13_101738033:c402_13_101759999	13	101738033	101759999	47518	48303
c403_13_101760000:c403_13_108212378	13	101760000	108212378	15581918	13910247
c404_13_108212379:c404_13_108212650	13	108212379	108212650	1250	968
c405_13_108212651:c405_13_108809430	13	108212651	108809430	1582634	1274108
c406_13_108809431:c406_13_109511837	13	108809431	109511837	1693449	1509588
c407_13_109511838:c407_13_109606646	13	109511838	109606646	236850	203735
c408_13_109606647:c408_13_111070933	13	109606647	111070933	4121330	3275515
c409_13_111070934:c409_13_111107079	13	111070934	111107079	72559	86387
c410_13_111107080:c410_13_111121138	13	111107080	111121138	33441	34712
c411_13_111121139:c411_13_115169878	13	111121139	115169878	5735383	6761177
c412_14_1:c412_14_21043351	14	1	21043351	22985803	23050438
c413_14_21043352:c413_14_21732021	14	21043352	21732021	1983400	1577368
c414_14_21732022:c414_14_21732443	14	21732022	21732443	1406	1156
c415_14_21732444:c415_14_33431206	14	21732444	33431206	25409385	25500562
c416_14_33431207:c416_14_33440129	14	33431207	33440129	9012	18354
c417_14_33440130:c417_14_41932455	14	33440130	41932455	18392976	18322412
c418_14_41932456:c418_14_41943305	14	41932456	41943305	19690	23201
c419_14_41943306:c419_14_91576295	14	41943306	91576295	108705947	109569626
c420_14_91576296:c420_14_91959759	14	91576296	91959759	1121881	895486
c421_14_91959760:c421_14_104709392	14	91959760	104709392	28715406	29292613
c422_14_104709393:c422_14_104792630	14	104709393	104792630	319605	199951
c423_14_104792631:c423_14_105170500	14	104792631	105170500	2058594	911188
c424_14_105170501:c424_14_105229992	14	105170501	105229992	418423	147979
c425_14_105229993:c425_14_105584099	14	105229993	105584099	1825338	840291
c426_14_105584100:c426_14_105818843	14	105584100	105818843	1297511	544306
c427_14_105818844:c427_14_105899692	14	105818844	105899692	426079	196492
c428_14_105899693:c428_14_107349540	14	105899693	107349540	1837355	1024877
c429_15_1:c429_15_57038996	15	1	57038996	98328556	99367661
c430_15_57038997:c430_15_57043577	15	57038997	57043577	12809	10190
c431_15_57043578:c431_15_66095946	15	57043578	66095946	25816363	20512595
c432_15_66095947:c432_15_72292562	15	66095947	72292562	16101056	14254199
c433_15_72292563:c433_15_72654907	15	72292563	72654907	1263121	820047
c434_15_72654908:c434_15_76854195	15	72654908	76854195	10757695	9545470
c435_15_76854196:c435_15_83888426	15	76854196	83888426	16813140	15299333
c436_15_83888427:c436_15_83888877	15	83888427	83888877	1200	1064
c437_15_83888878:c437_15_84715988	15	83888878	84715988	2067081	1823898
c438_15_84715989:c438_15_84716570	15	84715989	84716570	1521	1512
c439_15_84716571:c439_15_102531392	15	84716571	102531392	38784907	34696280
c440_16_1:c440_16_3241704	16	1	3241704	6925054	7543425
c441_16_3241705:c441_16_3278907	16	3241705	3278907	74816	83697
c442_16_3278908:c442_16_13381187	16	3278908	13381187	23203139	22940610
c443_16_13381188:c443_16_24492574	16	13381188	24492574	26679839	23816526
c444_16_24492575:c444_16_24525260	16	24492575	24525260	53498	75208
c445_16_24525261:c445_16_67685754	16	24525261	67685754	90772423	99829726
c446_16_67685755:c446_16_70266782	16	67685755	70266782	5046709	5788088
c447_16_70266783:c447_16_70315042	16	70266783	70315042	78243	105996
c448_16_70315043:c448_16_90354753	16	70315043	90354753	35800168	41513294
c449_17_1:c449_17_32334813	17	1	32334813	72406836	76799792
c450_17_32334814:c450_17_32346965	17	32334814	32346965	31850	28134
c451_17_32346966:c451_17_32672250	17	32346966	32672250	614885	729103
c452_17_32672251:c452_17_34308823	17	32672251	34308823	3885863	3771460
c453_17_34308824:c453_17_34312712	17	34308824	34312712	10470	9833
c454_17_34312713:c454_17_37733664	17	34312713	37733664	5757317	7523920
c455_17_37733665:c455_17_37961394	17	37733665	37961394	544512	540165
c456_17_37961395:c456_17_41429261	17	37961395	41429261	5803803	8066256
c457_17_41429262:c457_17_42626591	17	41429262	42626591	2776889	2772893
c458_17_42626592:c458_17_42705395	17	42626592	42705395	131776	182004
c459_17_42705396:c459_17_45952270	17	42705396	45952270	7257097	7076722
c460_17_45952271:c460_17_46149676	17	45952271	46149676	740637	469548
c461_17_46149677:c461_17_53603907	17	46149677	53603907	16574442	16580883
c462_17_53603908:c462_17_53604083	17	53603908	53604083	691	706
c463_17_53604084:c463_17_53604968	17	53604084	53604968	2250	2203
c464_17_53604969:c464_17_53615043	17	53604969	53615043	19775	23118
c465_17_53615044:c465_17_53615638	17	53615044	53615638	1293	1540
c466_17_53615639:c466_17_53685265	17	53615639	53685265	131780	152641
c467_17_53685266:c467_17_57596269	17	53685266	57596269	11286829	8912214
c468_17_57596270:c468_17_65098692	17	57596270	65098692	14427433	16683003
c469_17_65098693:c469_17_65109807	17	65098693	65109807	32530	25341
c470_17_65109808:c470_17_65144499	17	65109808	65144499	129195	75534
c471_17_65144500:c471_17_69540322	17	65144500	69540322	12215909	9679071
c472_17_69540323:c472_17_69542082	17	69540323	69542082	5161	4440
c473_17_69542083:c473_17_70483457	17	69542083	70483457	2731495	2122476
c474_17_70483458:c474_17_81195210	17	70483458	81195210	24565524	19261512
c475_18_1:c475_18_1091201	18	1	1091201	3308280	2554856
c476_18_1091202:c476_18_1158741	18	1091202	1158741	124667	145409
c477_18_1158742:c477_18_5693419	18	1158742	5693419	14264581	9891170
c478_18_5693420:c478_18_8331813	18	5693420	8331813	9456925	5823105
c479_18_8331814:c479_18_8670388	18	8331814	8670388	1471146	774082
c480_18_8670389:c480_18_9792144	18	8670389	9792144	4886529	2544007
c481_18_9792145:c481_18_9856618	18	9792145	9856618	268186	149371
c482_18_9856619:c482_18_10125701	18	9856619	10125701	1215340	621958
c483_18_10125702:c483_18_11294088	18	10125702	11294088	4618746	2617183
c484_18_11294089:c484_18_20887600	18	11294089	20887600	18572661	18076262
c485_18_20887601:c485_18_21551436	18	20887601	21551436	2353751	1532107
c486_18_21551437:c486_18_21858521	18	21551437	21858521	783481	700719
c487_18_21858522:c487_18_21859357	18	21858522	21859357	2035	2011
c488_18_21859358:c488_18_24053839	18	21859358	24053839	4204428	4839351
c489_18_24053840:c489_18_24054082	18	24053840	24054082	564	716
c490_18_24054083:c490_18_24915394	18	24054083	24915394	1661567	1896800
c491_18_24915395:c491_18_24915783	18	24915395	24915783	777	1082
c492_18_24915784:c492_18_56881474	18	24915784	56881474	63454821	70037402
c493_18_56881475:c493_18_56884437	18	56881475	56884437	9471	7486
c494_18_56884438:c494_18_56948256	18	56884438	56948256	144285	143513
c495_18_56948257:c495_18_58026391	18	56948257	58026391	2042486	2430992
c496_18_58026392:c496_18_59293740	18	58026392	59293740	2411264	2740756
c497_18_59293741:c497_18_62440676	18	59293741	62440676	8451198	7017008
c498_18_62440677:c498_18_71656468	18	62440677	71656468	22923195	19364563
c499_18_71656469:c499_18_78077248	18	71656469	78077248	12255819	9847961
c500_19_1:c500_19_12969728	19	1	12969728	25043348	29109244
c501_19_12969729:c501_19_12990852	19	12969729	12990852	21290	49055
c502_19_12990853:c502_19_14798350	19	12990853	14798350	3581286	4130936
c503_19_14798351:c503_19_14818598	19	14798351	14818598	111218	46706
c504_19_14818599:c504_19_15024395	19	14818599	15024395	1842760	467315
c505_19_15024396:c505_19_15039087	19	15024396	15039087	81986	33579
c506_19_15039088:c506_19_15039112	19	15039088	15039112	1037	256
c507_19_15039113:c507_19_15306102	19	15039113	15306102	2671593	603250
c508_19_15306103:c508_19_15440009	19	15306103	15440009	1502569	307375
c509_19_15440010:c509_19_15490754	19	15440010	15490754	489276	110930
c510_19_15490755:c510_19_15494930	19	15490755	15494930	51867	10147
c511_19_15494931:c511_19_15617317	19	15494931	15617317	1328664	277520
c512_19_15617318:c512_19_15644680	19	15617318	15644680	346984	62593
c513_19_15644681:c513_19_15699682	19	15644681	15699682	584063	125174
c514_19_15699683:c514_19_15700591	19	15699683	15700591	5353	2063
c515_19_15700592:c515_19_15745244	19	15700592	15745244	509572	101610
c516_19_15745245:c516_19_15795456	19	15745245	15795456	470775	118237
c517_19_15795457:c517_19_17427476	19	15795457	17427476	4252891	3767945
c518_19_17427477:c518_19_17473445	19	17427477	17473445	92332	106686
c519_19_17473446:c519_19_20673237	19	17473446	20673237	7845101	7218239
c520_19_20673238:c520_19_40102022	19	20673238	40102022	43575791	44349305
c521_19_40102023:c521_19_40102466	19	40102023	40102466	1164	1221
c522_19_40102467:c522_19_59128983	19	40102467	59128983	42502639	43098652
c523_20_1:c523_20_8745918	20	1	8745918	23771793	19618196
c524_20_8745919:c524_20_18743734	20	8745919	18743734	29501739	21970593
c525_20_18743735:c525_20_18744588	20	18743735	18744588	3317	2063
c526_20_18744589:c526_20_18788619	20	18744589	18788619	155707	101352
c527_20_18788620:c527_20_21447344	20	18788620	21447344	8268057	6051624
c528_20_21447345:c528_20_21467005	20	21447345	21467005	56985	43341
c529_20_21467006:c529_20_22232226	20	21467006	22232226	2163773	1669245
c530_20_22232227:c530_20_22233677	20	22232227	22233677	4942	3345
c531_20_22233678:c531_20_30127505	20	22233678	30127505	18455415	14120294
c532_20_30127506:c532_20_35542927	20	30127506	35542927	22445979	12379423
c533_20_35542928:c533_20_35561941	20	35542928	35561941	59146	41708
c534_20_35561942:c534_20_37977542	20	35561942	37977542	7749369	5616509
c535_20_37977543:c535_20_45853889	20	37977543	45853889	17582521	18008866
c536_20_45853890:c536_20_45897607	20	45853890	45897607	87915	101254
c537_20_45897608:c537_20_46808403	20	45897608	46808403	2074919	2095826
c538_20_46808404:c538_20_46808935	20	46808404	46808935	1204	1374
c539_20_46808936:c539_20_63025520	20	46808936	63025520	34949262	35793283
c540_21_1:c540_21_17245910	21	1	17245910	29879601	24382944
c541_21_17245911:c541_21_18045272	21	17245911	18045272	1664855	1692633
c542_21_18045273:c542_21_18051816	21	18045273	18051816	27354	14193
c543_21_18051817:c543_21_18846745	21	18051817	18846745	1656418	1682638
c544_21_18846746:c544_21_18964968	21	18846746	18964968	485110	254889
c545_21_18964969:c545_21_18994161	21	18964969	18994161	132226	64136
c546_21_18994162:c546_21_19358495	21	18994162	19358495	1534106	796958
c547_21_19358496:c547_21_28007164	21	19358496	28007164	16182945	18213240
c548_21_28007165:c548_21_33919802	21	28007165	33919802	10833376	12901402
c549_21_33919803:c549_21_34112993	21	33919803	34112993	518030	433808
c550_21_34112994:c550_21_36191911	21	34112994	36191911	4976139	4776745
c551_21_36191912:c551_21_36220059	21	36191912	36220059	28210	65665
c552_21_36220060:c552_21_36223192	21	36220060	36223192	3996	6370
c553_21_36223193:c553_21_36224055	21	36223193	36224055	1565	2423
c554_21_36224056:c554_21_42450253	21	36224056	42450253	11883595	14039163
c555_21_42450254:c555_21_42942940	21	42450254	42942940	908982	1134628
c556_21_42942941:c556_21_43243296	21	42942941	43243296	608317	642047
c557_21_43243297:c557_21_43244332	21	43243297	43244332	4198	2764
c558_21_43244333:c558_21_43246285	21	43244333	43246285	5218	5185
c559_21_43246286:c559_21_43298156	21	43246286	43298156	214121	119561
c560_21_43298157:c560_21_43298528	21	43298157	43298528	2225	1219
c561_21_43298529:c561_21_43523916	21	43298529	43523916	910990	528034
c562_21_43523917:c562_21_44368757	21	43523917	44368757	1844337	2009443
c563_21_44368758:c563_21_44370245	21	44368758	44370245	2266	4067
c564_21_44370246:c564_21_47347227	21	44370246	47347227	8878292	6036508
c565_21_47347228:c565_21_47527770	21	47347228	47527770	0	0
c566_21_47527771:c566_21_48129895	21	47527771	48129895	0	0
c567_22_1:c567_22_20831254	22	1	20831254	27691249	25696748
c568_22_20831255:c568_22_20946249	22	20831255	20946249	311765	268375
c569_22_20946250:c569_22_28895892	22	20946250	28895892	21773357	17830723
c570_22_28895893:c570_22_29583765	22	28895893	29583765	1892381	1551428
c571_22_29583766:c571_22_29740649	22	29583766	29740649	538875	374946
c572_22_29740650:c572_22_33381614	22	29740650	33381614	10364231	8301853
c573_22_33381615:c573_22_46469833	22	33381615	46469833	36079634	30392157
c574_22_46469834:c574_22_46630067	22	46469834	46630067	618869	378204
c575_22_46630068:c575_22_50357478	22	46630068	50357478	8308049	7074028
c576_22_50357479:c576_22_50357841	22	50357479	50357841	0	0
c577_22_50357842:c577_22_51304566	22	50357842	51304566	0	0
c578_23_1:c578_23_4646142	23	1	4646142	5858267	9448179
c579_23_4646143:c579_23_4646570	23	4646143	4646570	722	1078
c580_23_4646571:c580_23_44746437	23	4646571	44746437	52200537	86621599
c581_23_44746438:c581_23_44995702	23	44746438	44995702	396453	522761
c582_23_44995703:c582_23_44997196	23	44995703	44997196	1544	1960
c583_23_44997197:c583_23_47518225	23	44997197	47518225	4128288	5524058
c584_23_47518226:c584_23_57017529	23	47518226	57017529	12066947	19238785
c585_23_57017530:c585_23_57388372	23	57017530	57388372	525868	783625
c586_23_57388373:c586_23_57391038	23	57388373	57391038	4187	5536
c587_23_57391039:c587_23_75464884	23	57391039	75464884	33321195	35049173
c588_23_75464885:c588_23_79228709	23	75464885	79228709	9737310	7936078
c589_23_79228710:c589_23_79237845	23	79228710	79237845	21257	20015
c590_23_79237846:c590_23_79715451	23	79237846	79715451	1213887	999390
c591_23_79715452:c591_23_79717651	23	79715452	79717651	3469	3909
c592_23_79717652:c592_23_83635649	23	79717652	83635649	9993380	8046183
c593_23_83635650:c593_23_83637014	23	83635650	83637014	3692	3162
c594_23_83637015:c594_23_86358998	23	83637015	86358998	6195527	5648786
c595_23_86358999:c595_23_86923753	23	86358999	86923753	1441869	1156731
c596_23_86923754:c596_23_90982149	23	86923754	90982149	9048632	7975193
c597_23_90982150:c597_23_91051419	23	90982150	91051419	176931	133189
c598_23_91051420:c598_23_100132592	23	91051420	100132592	20757229	18747957
c599_23_100132593:c599_23_115632001	23	100132593	115632001	27892808	32886657
c600_23_115632002:c600_23_117105469	23	115632002	117105469	3386690	3059670
c601_23_117105470:c601_23_118016061	23	117105470	118016061	2982305	1978611
c602_23_118016062:c602_23_152851944	23	118016062	152851944	73816585	73070806
c603_23_152851945:c603_23_155270560	23	152851945	155270560	4172014	4232862
c606_24_1:c606_24_59373566	24	1	59373566	58514858	58616031
