1	10001	35000	5	0
1	35001	93000	3	0
1	93001	114000	8	0
1	114001	230417	5	0
1	230418	237417	16	0
1	237418	257417	8	0
1	257418	357719	4	0
1	357720	460719	2	0
1	460720	564368	4	0
1	564369	565368	106	0
1	565369	566368	54	0
1	711368	2583424	3	0
1	2583425	2587424	18	0
1	2587425	2628424	5	0
1	2628425	2629424	23	0
1	2629425	2692220	5	0
1	2692221	3610330	3	0
1	3610331	3611333	5	0
1	3611334	9121446	3	0
1	9121447	9121451	0	0
1	9121452	12992306	3	0
1	12992307	13139642	1	1
1	13139643	13219911	2	1
1	13319913	13352912	0	1
1	13352913	13477912	0	2
1	13477913	13636162	0	1
1	13636163	13699162	0	2
1	13699163	13780162	0	1
1	13780163	24256183	0	3
1	24256184	24363183	0	1
1	24363184	25592314	0	3
1	25592315	25661314	0	0
1	25661315	25835327	2	1
1	25835328	25836327	24	0
1	25836328	67452221	3	0
1	67452222	67452625	5	0
1	67452626	67452644	4	0
1	67452645	85980383	3	0
1	85980384	86005383	11	0
1	86005384	89695548	3	0
1	89695549	89796924	3	1
1	89796925	89802758	2	1
1	89802759	89833601	3	1
1	89833602	94050198	3	0
1	94050199	99406945	3	1
1	99406946	99854887	2	1
1	99854888	99855887	64	0
1	99855888	101629008	3	1
1	101629009	103785197	2	1
1	103785198	104003938	1	1
1	104003939	104104189	1	2
1	104104190	104303481	1	5
1	104303482	107981159	1	2
1	107981160	112059147	1	3
1	112059148	112059885	1	4
1	112059886	112691556	1	3
1	112691557	112704556	0	0
1	112704557	114843658	1	3
1	114843659	115544689	1	2
1	115544690	118593348	1	3
1	118593349	119890765	1	2
1	119890766	120532208	1	3
1	120532209	120584560	6	3
1	120584561	120607098	7	5
1	120607099	120611553	4	1
1	120611554	120636702	7	3
1	120636703	120845594	4	2
1	120845595	121107932	3	1
1	121107933	121133035	3	5
1	121133036	121137910	0	20
1	121137911	121139516	2	3
1	121139517	121142516	0	13
1	121142517	121279008	1	2
1	145400001	150748373	3	4
1	150748374	151339914	3	2
1	151339915	152185795	4	2
1	152185796	152189795	10	8
1	152189796	152555546	4	2
1	152555547	152587738	1	0
1	152587739	156512719	4	2
1	156512720	157531821	4	3
1	157531822	157538926	4	4
1	157538927	157573429	4	5
1	157573430	157574474	1	6
1	157574475	157887195	1	4
1	157887196	159652525	1	3
1	159652526	162960566	1	4
1	162960567	167446537	1	3
1	167446538	169977194	1	4
1	169977195	172042606	1	3
1	172042607	172930063	1	4
1	172930064	177722229	1	3
1	177722230	179077861	1	4
1	179077862	179395447	1	3
1	179395448	181788696	1	4
1	181788697	182502508	1	3
1	182502509	186224529	1	4
1	186224530	197792419	1	3
1	197792420	198808927	1	4
1	198808928	200118562	1	3
1	200118563	206558221	1	4
1	206558222	206583221	0	12
1	206583222	207699164	1	4
1	207699165	207738164	0	3
1	207738165	210078580	1	4
1	210078581	210085580	0	0
1	210085581	210872119	4	1
1	210872120	211615161	3	1
1	211615162	213167109	4	1
1	213167110	214179715	3	1
1	214179716	215255232	4	1
1	215255233	218253209	3	1
1	218253210	219159473	4	1
1	219159474	221472406	3	1
1	221472407	223725420	4	1
1	223725421	223747845	1	1
1	223797847	224941283	1	4
1	224941284	224941454	2	4
1	224941455	228744072	1	4
1	228744073	228780072	3	13
1	228780073	228782629	0	22
1	228782630	234912408	1	4
1	234912409	234919408	0	14
1	234919409	236156738	1	4
1	236156739	246751935	1	3
1	246751936	246835178	1	2
1	246835179	248571368	1	3
1	248571369	248572511	0	89
1	248572512	249240620	1	3
10	60001	1710676	2	1
10	1710677	2950965	1	1
10	2950966	7168622	2	1
10	7168623	8203603	1	1
10	8203604	8968756	2	1
10	8968757	11068335	1	1
10	11068336	12524665	2	1
10	12524666	12942284	3	1
10	12942285	15059512	2	1
10	15059513	17004824	1	1
10	17004825	17777788	2	1
10	17777789	18221636	0	1
10	18221637	21042279	1	1
10	21042280	21043279	5	0
10	21043280	23137610	1	1
10	23137611	24330962	2	1
10	24330963	27563015	1	1
10	27563016	35896922	2	1
10	35896923	37451686	1	1
10	37451687	37479067	3	2
10	37479068	42829230	0	2
10	42829231	51137409	1	2
10	51187411	51359410	1	0
10	51359411	51487784	1	1
10	51487785	51635992	2	1
10	51635993	51722992	0	1
10	51722993	51830992	0	3
10	51830993	51950002	1	1
10	51950003	51994002	1	0
10	51994003	53695204	1	2
10	53695205	55167754	2	2
10	55167755	59508616	2	1
10	59508617	59540616	0	1
10	59540617	70038434	2	1
10	70038435	70606737	1	1
10	70606738	71287817	2	1
10	71287818	71615377	2	2
10	71615378	81417223	2	1
10	81417224	81564033	1	1
10	81564034	82778590	2	1
10	82778591	85627210	1	1
10	85627211	98461572	2	1
10	98461573	98685746	1	1
10	98685747	100335092	2	1
10	100335093	100929981	1	1
10	100929982	106635795	2	1
10	106635796	111330082	1	1
10	111330083	116899900	2	1
10	116899901	117292172	1	1
10	117292173	117293172	22	0
10	117293173	128839166	2	1
10	128839167	129050967	1	1
10	129050968	130431400	2	1
10	130431401	132675279	1	1
10	132675280	134498548	2	1
10	134498549	135352012	1	1
10	135352013	135454826	2	1
10	135454827	135499799	5	0
10	135501789	135515788	3	0
10	135515789	135524746	10	0
11	60001	132000	3	0
11	132001	179895	4	0
11	179896	189797	3	1
11	189798	195668	3	4
11	195669	584255	1	2
11	584256	585657	0	14
11	585658	723428	1	1
11	723429	1016868	2	1
11	1016869	1018030	10	6
11	1018031	3267983	2	1
11	3267984	3358983	0	1
11	3358984	3674734	2	1
11	3674735	3676134	44	0
11	3676135	10530404	2	1
11	10530405	10531404	8	7
11	10531405	14653576	2	1
11	14653577	14655416	21	0
11	14655417	16805969	2	1
11	16805970	16890968	1	1
11	16890969	18945238	2	1
11	18945239	18963108	2	3
11	18963109	22595697	2	1
11	22595698	22985968	1	1
11	22985969	23389644	2	1
11	23389645	26001255	1	1
11	26001256	36910658	2	1
11	36910659	38812657	1	1
11	38812658	39507546	1	2
11	39507547	42939573	1	1
11	42939574	46521148	2	1
11	46521149	46638047	0	1
11	46638048	48340047	2	1
11	48340048	48388234	2	3
11	48388235	48944213	2	1
11	48944214	49294722	1	1
11	49294723	50281442	2	1
11	50281443	50726361	3	1
11	50726362	50727361	17	0
11	50727362	50782776	3	2
11	50782777	51190631	1	1
11	51190632	51341190	3	1
11	51341191	51362943	0	1
11	51362944	60972777	3	1
11	60972778	61013777	2	0
11	61013778	63990496	3	1
11	63990497	65554611	4	1
11	65554612	68859893	2	2
11	68859894	68926896	2	18
11	68926897	68950412	2	25
11	68950413	68950426	0	5
11	68950427	69176791	3	23
11	69176792	69313568	2	21
11	69313569	69451587	2	22
11	69451588	69536257	2	17
11	69536258	69581226	2	16
11	69581227	69581755	2	3
11	69581756	69609301	2	15
11	69609302	69717452	2	6
11	69717453	69788695	1	3
11	69788696	69951990	2	7
11	69951991	69952805	2	11
11	69952806	70677778	2	7
11	70677779	70779629	2	2
11	70779630	71137652	1	2
11	71137653	72375024	1	3
11	72375025	73192502	1	2
11	73192503	73699663	1	3
11	73699664	74931002	2	3
11	74931003	84756991	1	3
11	84756992	85262578	1	5
11	85262579	86711941	2	3
11	86711942	88055603	1	3
11	88055604	88199479	2	8
11	88199480	90765329	1	3
11	90765330	90766710	0	3
11	90766711	91009651	0	6
11	91009652	91028140	1	3
11	91028141	91102064	2	3
11	91102065	91140378	2	4
11	91140379	91285372	1	4
11	91285373	91310907	1	3
11	91310908	91358304	1	4
11	91358305	91710000	1	3
11	91710001	91842450	1	5
11	91842451	91854907	1	3
11	91854908	91964652	2	3
11	91964653	91990253	2	4
11	91990254	92297770	1	4
11	92297771	93668589	1	3
11	93668590	94063706	2	3
11	94063707	94181498	2	8
11	94181499	94185871	2	12
11	94185872	94185877	2	11
11	94185878	94196486	2	10
11	94196487	94235877	1	11
11	94235878	94758555	1	9
11	94758556	94782495	2	9
11	94782496	94782523	2	3
11	94782524	94813622	2	8
11	94813623	94814400	2	14
11	94814401	94846299	2	17
11	94846300	94988032	2	12
11	94988033	96565102	1	4
11	96565103	97035197	1	3
11	97035198	97039539	1	5
11	97039540	98828736	1	3
11	98828737	101798632	1	5
11	101798633	101799176	1	7
11	101799177	102472933	1	9
11	102472934	102472940	1	4
11	102472941	102501194	1	9
11	102501195	102501241	1	4
11	102501242	103155614	2	8
11	103155615	103160004	1	7
11	103160005	103213260	1	9
11	103213261	103213354	1	4
11	103213355	103298874	1	9
11	103298875	103298882	1	4
11	103298883	103953892	1	9
11	103953893	103956373	1	11
11	103956374	103979263	1	13
11	103979264	103981585	1	7
11	103981586	114419549	1	1
11	114419550	114433637	2	2
11	114433638	134946515	1	1
12	192499	696911	2	2
12	696912	1285515	2	1
12	1285516	2814749	2	2
12	2814750	3189459	2	1
12	3189460	3939698	2	2
12	3939699	5058473	2	1
12	5058474	6196313	2	2
12	6196314	6415158	2	1
12	6415159	6981950	2	2
12	6981951	8558674	2	1
12	8558675	8590674	0	0
12	8590675	9184434	2	1
12	9184435	17343583	2	0
12	17343584	18486583	1	0
12	18486584	20173583	2	0
12	20173584	22238583	1	0
12	22238584	22527583	2	0
12	22527584	24764583	1	0
12	24764584	33383583	2	0
12	33383584	33396583	0	0
12	33396584	33650762	1	1
12	33650763	33651982	1	4
12	33651983	34042256	2	7
12	34042257	34140922	2	8
12	34140923	34141961	2	7
12	34141962	34153427	2	6
12	34153428	34174450	2	7
12	34174451	34174731	2	5
12	34174732	34177682	2	3
12	34177683	34564497	2	4
12	34564498	34565616	2	8
12	34565617	34746724	2	12
12	38359986	40393759	2	1
12	40393760	40531884	2	14
12	40531885	40539857	2	13
12	40539858	40540938	0	3
12	40540939	40624903	2	14
12	40624904	40625903	0	5
12	40625904	40720581	2	15
12	40720582	40746992	2	14
12	40746993	40747073	1	3
12	40747074	40833725	2	13
12	40833726	40835595	1	11
12	40835596	40881999	2	14
12	40882000	40883744	2	2
12	40883745	41336446	2	13
12	41336447	41421472	2	9
12	41421473	41450472	2	10
12	41450473	41451472	0	5
12	41451473	41656714	2	11
12	41656715	41656754	1	4
12	41656755	41710699	1	10
12	41710700	41710911	1	4
12	41710912	41795672	2	10
12	41795673	41796672	0	4
12	41796673	41881948	2	10
12	41881949	42049421	2	9
12	42049422	42239403	2	7
12	42239404	42598446	2	8
12	42598447	43047405	2	7
12	43047406	43130824	2	8
12	43130825	43132624	2	9
12	43132625	43412558	2	10
12	43412559	43550549	2	9
12	43550550	43550719	1	4
12	43550720	43864936	2	9
12	43864937	43979709	2	7
12	43979710	44300703	2	8
12	44300704	44302367	0	4
12	44302368	44306523	1	4
12	44306524	44501450	2	8
12	44501451	44547109	2	6
12	44547110	44993681	2	8
12	44993682	44994020	1	4
12	44994021	45218930	2	9
12	45218931	45219800	1	4
12	45219801	45358073	2	9
12	45358074	45358229	1	4
12	45358230	45424239	2	9
12	45424240	45600404	2	12
12	45600405	45601404	0	5
12	45601405	45710404	0	14
12	45710405	45711404	0	5
12	45711405	45768404	0	14
12	45768405	51595927	1	2
12	51595928	51867179	1	3
12	51867180	57928761	1	2
12	57928762	58179688	3	2
12	58179689	66451370	1	2
12	66451371	66452370	2	2
12	66452371	99041013	2	1
12	99041014	99291049	1	1
12	99291050	99557882	2	1
12	99557883	99677341	1	1
12	99677342	100275331	2	1
12	100275332	100645331	2	0
12	100645332	118472976	2	1
12	118472977	118496264	1	1
12	118496265	132060999	2	1
12	132061000	132062098	12	8
12	132062099	133502923	2	1
12	133502924	133681923	0	1
12	133681924	133841894	2	1
13	19020001	19139641	2	2
13	19139642	19341806	1	1
13	19341807	19360806	0	0
13	19360807	19453723	1	1
13	19453724	19887902	2	2
13	19887903	21721219	2	1
13	21721220	21952989	2	2
13	21952990	38071998	2	1
13	38071999	38085998	0	0
13	38085999	55652552	2	1
13	55652553	57712575	1	1
13	57712576	57749575	4	0
13	57749576	58268917	1	1
13	58268918	63610016	2	1
13	63610017	63649651	2	2
13	63649652	82220486	2	1
13	82220487	83248860	1	1
13	83248861	87128267	2	1
13	87128268	87602411	1	1
13	87602412	87603411	5	0
13	87603412	110076136	2	1
13	110076137	110076739	13	9
13	110076740	113505542	2	1
13	113505543	113570800	4	1
13	113570801	115109877	2	1
14	19138699	19371836	3	1
14	19371837	19430787	3	2
14	19430788	19446029	3	9
14	19446030	19494133	2	5
14	19494134	19514133	0	5
14	19514134	19556133	0	3
14	19556134	19594133	0	5
14	19594134	19620133	0	2
14	19620134	19772379	3	2
14	19772380	20011213	5	2
14	20011214	20064213	5	0
14	20064214	20129636	2	1
14	20129637	20189442	2	4
14	20189443	20190561	0	38
14	20190562	20424506	3	4
14	20424507	21012632	3	1
14	21012633	21331823	4	1
14	21331824	21332170	5	1
14	21332171	21592751	4	1
14	21592752	22226349	3	1
14	22226350	22228773	2	1
14	22228774	24951159	4	1
14	24951160	31955501	3	1
14	31955502	33183270	4	1
14	33183271	33860862	3	1
14	33860863	34865787	4	1
14	34865788	35539793	3	1
14	35539794	36901628	4	1
14	36901629	47381502	3	1
14	47381503	47671474	2	1
14	47671475	53879372	3	1
14	53879373	54587372	3	0
14	54587373	55491149	3	1
14	55491150	55492149	15	0
14	55492150	57686993	3	1
14	57686994	57731341	5	1
14	57731342	63001878	3	1
14	63001879	63003878	17	0
14	63003879	92106707	3	1
14	92106708	92108707	10	7
14	92108708	93712481	3	1
14	93712482	93713176	6	1
14	93713177	105628260	3	1
14	105628261	105629260	15	0
14	105629261	106483773	3	1
14	106483774	106484208	3	5
14	106484209	106530929	3	1
14	106530930	106569837	0	1
14	106569838	106716862	3	1
14	106716863	106727699	6	2
14	106727700	106782643	3	1
14	106782644	106823037	3	5
14	106823038	106855140	3	1
14	106855141	106883322	3	4
14	106883323	106919209	3	1
14	106919210	106932615	5	4
14	106932616	106942426	5	3
14	106942427	107151507	1	3
14	107151508	107171435	1	4
14	107171436	107174919	1	3
14	107174920	107185071	2	3
14	107185072	107289539	1	3
15	20104300	20104687	5	0
15	20104688	20120123	7	3
15	20120124	20121123	26	0
15	20121124	20148787	6	4
15	20148788	20392656	3	2
15	20392657	20544150	7	2
15	20544151	20548669	11	2
15	20548670	20581185	9	1
15	20581186	20589185	4	0
15	20589186	20627911	4	7
15	20627912	20846205	1	3
15	20846206	20875299	0	10
15	20875300	21900788	0	5
15	21900789	21939345	2	9
15	21939346	22178350	2	4
15	22178351	22294114	0	3
15	22294115	22412530	2	4
15	22412531	22486812	2	5
15	22486813	22491441	2	9
15	22491442	22693323	2	4
15	22693324	23383372	2	1
15	23383373	23605853	4	0
15	23605854	25040776	2	1
15	25040777	27050691	2	2
15	27050692	27679711	4	2
15	27679712	27680753	3	1
15	27680754	28547878	2	1
15	28547879	28743455	3	1
15	28743456	31364839	2	1
15	31364840	31365297	5	1
15	31365298	31371375	8	1
15	31371376	34855997	2	1
15	34855998	34865228	2	3
15	34865229	41419379	2	1
15	41419380	41793606	4	1
15	41793607	53672717	2	1
15	53672718	53673717	16	0
15	53673718	74360351	2	1
15	74360352	74381501	2	3
15	74381502	75546889	2	1
15	75546890	75589261	2	3
15	75589262	82581816	2	1
15	82581817	83214153	2	0
15	83214154	84852948	2	1
15	84852949	84879677	2	3
15	84879678	96710384	2	1
15	96710385	97069821	2	2
15	97069822	102292638	2	1
15	102292639	102301638	2	3
15	102301639	102483503	2	1
15	102483504	102521391	2	3
16	60001	1061179	2	1
16	1061180	1061450	2	3
16	1061451	1075240	2	1
16	1075241	1075846	5	0
16	1075847	12181509	2	1
16	12181510	12723116	2	2
16	12723117	14782005	2	1
16	14782006	14856005	2	0
16	14856006	14988867	3	0
16	14988868	15124279	3	3
16	15124280	16388186	2	1
16	16388187	16568652	3	1
16	16568653	18408160	2	1
16	18408161	18756580	3	1
16	18756581	19282611	2	1
16	19282612	19423050	2	2
16	19423051	21416097	2	1
16	21416098	21594446	3	1
16	21594447	21740429	2	1
16	21740430	21931622	2	2
16	21931623	22464139	2	1
16	22464140	22541829	3	1
16	22541830	22710752	3	2
16	22710753	29167136	1	2
16	29167137	29562847	2	2
16	29562848	29715598	2	1
16	29715599	29827848	2	3
16	29827849	30202583	2	1
16	30202584	30301583	5	0
16	30301584	32039236	2	1
16	32039237	47797145	4	0
16	47797146	48905286	3	2
16	48905287	48905810	3	1
16	48905811	48906232	3	2
16	48906233	48906237	3	1
16	48906238	55796240	3	2
16	55796241	55822240	0	0
16	55822241	55842240	5	0
16	55842241	55864451	7	3
16	55864452	58595766	2	3
16	58595767	65226326	1	3
16	65226327	70156161	1	4
16	70156162	70201642	3	5
16	70201643	74393203	3	2
16	74393204	74461445	5	2
16	74461446	74745293	3	2
16	74745294	79080084	3	3
16	79080085	79121749	3	2
16	79121750	90182514	3	3
16	90182515	90184503	23	3
16	90184504	90281319	3	3
16	90281320	90291319	2	0
16	90291320	90294752	12	0
17	0	965626	3	0
17	965627	968626	5	0
17	968627	16709626	3	0
17	16709627	16735626	0	0
17	16735627	18342163	3	0
17	18342164	18413246	3	2
17	18413247	18928761	3	0
17	18928762	19134761	2	0
17	19134762	21193696	3	0
17	21193697	21254771	3	4
17	21254772	21302771	3	0
17	21302772	21352923	3	5
17	21352924	21506923	3	0
17	21506924	21548275	3	2
17	21548276	21551275	17	0
17	21551276	21670608	8	0
17	21670609	21901608	2	0
17	21901609	21902608	15	0
17	21902609	21903608	51	0
17	21903609	21904608	31	0
17	21904609	21906608	54	0
17	21906609	21907608	26	0
17	21907609	25376591	3	0
17	25376592	26952083	3	2
17	26952084	28993879	4	0
17	28993880	29323879	3	0
17	29323880	34592678	4	0
17	34592679	34759848	3	0
17	34759849	34791848	1	0
17	34791849	36219335	4	0
17	36219336	37184757	3	0
17	37184758	37639780	3	1
17	37639781	37640881	21	1
17	37640882	37645645	40	0
17	37645646	37646588	57	0
17	37646589	37648139	88	0
17	37648140	37648268	70	0
17	37648269	37650216	105	0
17	37650217	37651216	148	0
17	37651217	37652216	125	0
17	37652217	37653216	146	0
17	37653217	37655216	130	0
17	37655217	37656216	96	0
17	37656217	37660216	154	0
17	37660217	37666517	144	0
17	37666518	37667517	100	0
17	37667518	37673983	154	0
17	37673984	37675983	134	0
17	37675984	37679983	149	0
17	37679984	37692983	158	0
17	37692984	37693983	140	0
17	37693984	37696983	158	0
17	37696984	37700859	147	0
17	37700860	37700916	84	0
17	37700917	37703916	138	0
17	37703917	37710916	159	0
17	37710917	37712916	141	0
17	37712917	37718916	154	0
17	37718917	37719916	133	0
17	37719917	37728916	159	0
17	37728917	37731916	143	0
17	37731917	37732916	159	0
17	37732917	37733916	139	0
17	37733917	37736916	158	0
17	37736917	37739916	145	0
17	37739917	37741916	131	0
17	37741917	37744916	153	0
17	37744917	37753916	150	0
17	37753917	37759916	158	0
17	37759917	37763916	147	0
17	37763917	37764916	123	0
17	37764917	37773916	156	0
17	37773917	37774916	98	0
17	37774917	37775916	159	0
17	37775917	37776916	141	0
17	37776917	37781916	152	0
17	37781917	37784916	146	0
17	37784917	37824072	153	0
17	37824073	37825072	124	0
17	37825073	37838072	159	0
17	37838073	37839072	139	0
17	37839073	37847072	153	0
17	37847073	37850072	130	0
17	37850073	37851072	90	0
17	37851073	37869734	156	0
17	37869735	37871280	136	0
17	37871281	37877280	159	0
17	37877281	37880280	151	0
17	37880281	37881280	134	0
17	37881281	37888280	159	0
17	37888281	37889280	142	0
17	37889281	37890280	158	0
17	37890281	37891280	127	0
17	37891281	37951873	157	0
17	37951874	37953873	141	0
17	37953874	37962968	154	0
17	37962969	37963968	143	0
17	37963969	37968968	160	0
17	37968969	37969968	144	0
17	37969969	38005968	157	0
17	38005969	38006968	90	0
17	38006969	38007968	125	0
17	38007969	38014968	158	0
17	38014969	38015968	142	0
17	38015969	38031968	157	0
17	38031969	38032968	143	0
17	38032969	38043968	157	0
17	38043969	38044968	137	0
17	38044969	38051142	160	0
17	38051143	38053035	143	0
17	38053036	38061035	152	0
17	38061036	38086035	155	0
17	38086036	38088035	128	0
17	38088036	38109154	156	0
17	38109155	38109253	39	0
17	38109254	38110253	116	0
17	38110254	38112253	159	0
17	38112254	38113253	133	0
17	38113254	38115253	159	0
17	38115254	38116253	141	0
17	38116254	38136307	153	0
17	38136308	38137774	93	0
17	38137775	39421857	3	1
17	39421858	39431857	0	0
17	39431858	41099314	3	1
17	41099315	43589751	3	0
17	43589752	43597751	11	0
17	43597752	43650365	4	1
17	43650366	43662195	7	3
17	43662196	44165254	4	0
17	44165255	44369560	6	0
17	44369561	44433560	3	0
17	44433561	44566560	1	0
17	44566561	44651805	4	0
17	44651806	44780805	2	0
17	44780806	51852873	3	0
17	51852874	51860873	0	0
17	51860874	57761249	3	0
17	57761250	57905287	2	0
17	57905288	59694024	3	0
17	59694025	62114090	3	2
17	62114091	65222018	4	2
17	65222019	69755105	3	2
17	69755106	70441712	4	2
17	70441713	75643432	3	1
17	75643433	75643646	11	10
17	75643647	77462880	3	1
17	77462881	77528803	2	0
17	77528804	77546460	3	1
17	77596462	77631461	2	0
17	77631462	79444140	3	1
17	79444141	80158075	3	0
17	80158076	80159516	4	0
17	80159517	81110467	4	2
17	81110468	81150480	1	2
17	81150481	81195209	2	2
18	10001	3990178	3	1
18	3990179	12198109	2	1
18	12198110	12205486	4	1
18	12205487	12206486	27	0
18	12206487	15162133	2	1
18	15162134	15168172	5	0
18	18531619	35253509	2	1
18	35253510	39664620	2	0
18	39664621	44541820	2	1
18	44541821	44550820	22	0
18	44550821	44551820	5	0
18	44551821	44552820	27	0
18	44552821	44557820	14	0
18	44557821	48383077	2	1
18	48383078	60573799	1	1
18	60573800	60575799	17	0
18	60575800	76774420	1	1
18	76774421	76777420	16	0
18	76777421	78017247	1	1
19	250001	479675	2	1
19	479676	479825	5	0
19	479826	1814593	3	0
19	1814594	2209137	4	0
19	2209138	8337595	3	0
19	8337596	8365136	1	0
19	8365137	8851198	1	2
19	8851199	8897198	0	8
19	8897199	20505880	0	3
19	20505881	20583415	0	1
19	20583416	24443361	0	3
19	28016216	32797133	2	3
19	32797134	33444265	3	3
19	33444266	33444510	17	0
19	33444511	34243832	3	3
19	34243833	36759273	3	2
19	36759274	36762273	16	9
19	36762274	36769273	36	0
19	36769274	36771273	21	0
19	36771274	36777273	33	0
19	36777274	36778273	18	0
19	36778274	36780273	38	0
19	36780274	36784273	22	0
19	36784274	36786273	40	0
19	36786274	36791273	25	0
19	36791274	36792273	44	0
19	36792274	36795273	32	0
19	36795274	36797273	42	0
19	36797274	36801393	22	0
19	36801394	37336719	2	2
19	37336720	37760707	3	2
19	37760708	37765707	18	0
19	37765708	37766707	35	0
19	37766708	37770707	14	0
19	37770708	37772707	35	0
19	37772708	37775157	24	0
19	37775158	37776173	38	0
19	37776174	37784173	26	0
19	37784174	37785173	56	0
19	37785174	37787173	36	0
19	37787174	37792173	28	0
19	37792174	37793173	12	0
19	37793174	37794173	33	0
19	37794174	37795173	16	0
19	37795174	38025328	4	2
19	38025329	38439640	3	2
19	38439641	41043945	2	2
19	41043946	41635308	4	2
19	41635309	42684004	3	2
19	42684005	43617933	2	2
19	43617934	44307347	3	2
19	44307348	44808118	2	2
19	44808119	45565477	3	2
19	45565478	45840315	3	4
19	45840316	46569825	3	2
19	46569826	47976516	2	2
19	47976517	48099919	4	2
19	48099920	48406710	3	2
19	48406711	48412710	12	0
19	48412711	48417710	25	0
19	48417711	48419710	5	0
19	48419711	48429710	16	0
19	48429711	48433710	20	0
19	48433711	48435710	5	0
19	48435711	48440710	13	0
19	48440711	48448710	17	0
19	48448711	48452710	28	0
19	48452711	48453710	49	0
19	48453711	48456710	22	0
19	48456711	48457710	38	0
19	48457711	48462710	14	0
19	48462711	49599661	3	2
19	49599662	50594569	2	2
19	50594570	50601569	10	3
19	50601570	50610569	18	0
19	50610570	50636569	12	0
19	50636570	50640569	33	0
19	50640570	50642569	17	0
19	50642570	52133424	2	2
19	52133425	52149424	0	0
19	52149425	52922115	2	2
19	52922116	53083428	2	1
19	53083429	53193320	2	2
19	53193321	53481824	2	1
19	53481825	53482018	2	3
19	53482019	54728622	2	2
19	54728623	54746527	5	2
19	54746528	55228556	2	2
19	55228557	55329556	2	0
19	55329557	55407671	2	1
19	55407672	55638618	2	2
19	55638619	55639207	2	3
19	55639208	58171657	2	2
19	58171658	59098307	2	1
19	59098308	59118982	2	5
2	10001	4694580	2	1
2	4694581	4695580	31	0
2	4695581	9055601	2	1
2	9055602	10796882	2	2
2	10796883	19188218	2	1
2	19188219	19225218	2	0
2	19225219	19838825	2	1
2	19838826	21691773	2	2
2	21691774	28484942	2	1
2	28484943	29805262	2	2
2	29805263	30831147	2	1
2	30831148	31801179	2	2
2	31801180	33140700	2	1
2	33140701	33141700	39	0
2	33141701	33764574	2	1
2	33764575	33764622	1	1
2	33764623	33765262	2	1
2	33765263	33767876	1	1
2	33767877	34695827	2	1
2	34695828	34736559	0	1
2	34736560	36665097	2	1
2	36665098	37049939	2	2
2	37049940	37603838	2	1
2	37603839	37958390	2	2
2	37958391	38002856	4	2
2	38002857	38546825	2	2
2	38546826	45213476	2	1
2	45213477	47512115	2	2
2	47512116	64339906	2	1
2	64339907	65318806	2	2
2	65318807	65819501	2	1
2	65819502	66213512	2	2
2	66213513	68786562	2	1
2	68786563	69520257	2	2
2	69520258	69666422	2	1
2	69666423	70281189	2	2
2	70281190	71647808	2	1
2	71647809	72349180	2	2
2	72349181	73824523	2	1
2	73824524	75854013	2	2
2	75854014	79841913	2	1
2	79841914	79885689	4	1
2	79885690	85260339	2	1
2	85260340	86371819	2	2
2	86371820	87567524	2	1
2	87567525	87578230	5	3
2	87578231	87589230	14	0
2	87589231	87591230	5	0
2	87591231	87609453	8	4
2	87609454	87623453	5	0
2	87623454	87626453	14	0
2	87626454	87641226	2	1
2	87641227	87645226	12	0
2	87645227	87651226	5	0
2	87651227	87652226	17	0
2	87652227	87655226	4	0
2	87655227	87658226	12	0
2	87658227	87668226	2	0
2	87668227	87718226	0	0
2	87718227	89071115	2	1
2	89071116	89084326	2	3
2	89084327	89630435	2	1
2	95326172	96299978	2	2
2	96299979	96735776	3	2
2	96735777	97283819	2	2
2	97283820	98140464	2	3
2	98140465	98158464	2	0
2	98158465	98697341	2	3
2	98697342	98957756	2	2
2	98957757	101339032	3	2
2	101339033	101490221	3	3
2	101490222	103182276	3	2
2	103182277	105665519	2	2
2	105665520	106303483	3	2
2	106303484	109771791	2	2
2	109771792	110329221	3	2
2	110329222	111335670	2	2
2	111335671	112493984	3	2
2	112493985	114173422	2	2
2	114173423	114178423	5	5
2	114178424	114331774	2	2
2	114331775	114357861	4	1
2	114357862	114424355	3	1
2	114424356	114611859	2	1
2	114611860	116245357	2	2
2	116245358	116974339	2	1
2	116974340	116978295	3	1
2	116978296	116981882	2	1
2	116981883	116982311	4	1
2	116982312	125410732	3	1
2	125410733	126442853	2	1
2	126442854	126451853	0	0
2	126451854	129638860	3	1
2	129638861	129645860	0	0
2	129645861	131227152	3	1
2	131227153	131306529	2	1
2	131306530	132961153	2	2
2	132961154	133121281	5	2
2	133121282	140719972	2	2
2	140719973	148684026	2	1
2	148684027	148686814	4	1
2	148686815	148720715	5	2
2	148720716	152655872	3	2
2	152655873	152772675	2	2
2	152772676	153445638	3	2
2	153445639	153459914	2	2
2	153459915	153461095	2	1
2	153461096	153461436	2	2
2	153461437	153461447	2	1
2	153461448	159038335	2	2
2	159038336	162065473	3	2
2	162065474	168898955	2	2
2	168898956	170319808	3	2
2	170319809	173053810	2	2
2	173053811	175074588	3	2
2	175074589	176458042	2	2
2	176458043	176458919	5	0
2	176458920	177265555	2	2
2	177265556	177271555	0	0
2	177271556	178841859	2	2
2	178841860	178842859	43	0
2	178842860	180065356	2	2
2	180065357	180081647	1	1
2	180081648	180411424	2	2
2	180411425	180416205	2	1
2	180416206	180416221	1	1
2	180416222	180422178	2	1
2	180422179	184569176	2	2
2	184569177	184569191	2	1
2	184569192	184571018	2	2
2	184571019	184572011	2	3
2	184572012	191514408	2	2
2	191514409	192810859	3	2
2	192810860	197757691	2	2
2	197757692	198193605	1	2
2	198193606	199120151	1	1
2	199120152	199144019	4	1
2	199144020	200450243	2	0
2	200450244	202339378	2	1
2	202339379	203161865	2	0
2	203161866	203172412	3	0
2	203172413	204542860	2	0
2	204542861	205409908	2	1
2	205409909	205904018	1	1
2	205904019	206225636	2	1
2	206225637	206545420	2	2
2	206545421	214257205	2	1
2	214257206	214798205	2	0
2	214798206	243097376	2	1
2	243097377	243162476	9	0
2	243162477	243189372	3	0
20	60001	124933	1	2
20	124934	1212285	1	3
20	1212286	1561891	3	3
20	1561892	1593891	0	0
20	1593892	2454366	3	3
20	2454367	2828945	3	2
20	2828946	3571179	3	3
20	3571180	4369175	3	2
20	4369176	4370175	35	0
20	4370176	4901871	3	2
20	4901872	5072208	2	2
20	5072209	11830807	3	2
20	11830808	12047119	3	1
20	12047120	14691339	2	1
20	14691340	14831303	1	1
20	14831304	15107595	2	1
20	15107596	19068177	1	1
20	19068178	19070724	5	0
20	19070725	25671873	1	1
20	29932060	31165069	3	1
20	31165070	31747437	2	1
20	31747438	31951340	3	1
20	31951341	32119005	1	1
20	32119006	32442093	2	1
20	32442094	32558668	3	1
20	32558669	33551098	3	0
20	33551099	33770135	3	1
20	33770136	33952021	2	1
20	33952022	34064959	3	1
20	34064960	34540059	1	1
20	34540060	40551458	2	1
20	40551459	43305851	2	2
20	43305852	43308891	2	0
20	43308892	43309737	2	1
20	43309738	43311911	2	4
20	43311912	43312209	2	5
20	43312210	45740807	2	3
20	45740808	52473202	2	2
20	52473203	52831518	3	2
20	52831519	53974895	2	2
20	53974896	54037008	2	15
20	54037009	54304695	2	3
20	54304696	54435149	2	15
20	54435150	54439149	0	5
20	54439150	54542336	3	14
20	54542337	54542672	1	4
20	54542673	54605130	2	15
20	54605131	56154354	2	7
20	56154355	56154490	11	7
20	56154491	56284301	2	7
20	56284302	56285301	0	4
20	56285302	56423322	3	6
20	56423323	56423453	1	4
20	56423454	56537132	3	6
20	56537133	56537539	1	2
20	56537540	56677910	7	2
20	56677911	56693412	12	2
20	56693413	56695057	7	2
20	56695058	56775419	2	2
20	56775420	56776726	2	5
20	56776727	57031701	3	9
20	57031702	57267699	3	10
20	57267700	57268993	0	5
20	57268994	57286060	3	10
20	57286061	57286281	1	4
20	57286282	57317038	2	10
20	57317039	57317502	1	4
20	57317503	57463745	3	10
20	57463746	57467745	0	5
20	57467746	57555702	2	10
20	57555703	57557271	0	5
20	57557272	57842216	3	10
20	57842217	57843019	1	4
20	57843020	57930005	3	10
20	57930006	57931005	0	5
20	57931006	57959461	3	10
20	57959462	57960194	2	2
20	57960195	58107375	10	3
20	58107376	58109375	5	0
20	58109376	58249771	10	3
20	58249772	58250659	2	3
20	58250660	58435445	2	11
20	58435446	58533915	2	15
20	58533916	58534426	2	13
20	58534427	58662528	2	11
20	58662529	58662622	2	3
20	58662623	58662743	4	12
20	58662744	58662898	2	3
20	58662899	58876139	10	3
20	58876140	58877139	5	0
20	58877140	58919463	10	2
20	58919464	58919924	4	1
20	58919925	59048006	11	2
20	59048007	59048116	4	1
20	59048117	59190523	12	3
20	59190524	59191523	4	1
20	59191524	59522332	12	3
20	59522333	59522449	4	1
20	59522450	59598778	12	3
20	59598779	59599283	4	1
20	59599284	59672382	12	3
20	59672383	59672733	2	3
20	59672734	59826881	12	3
20	59826882	59828856	5	0
20	59828857	59859151	11	3
20	59859152	59860764	16	2
20	59860765	59903981	18	2
20	59903982	59904651	56	0
20	59904652	59913450	21	2
20	59913451	59915709	31	0
20	59915710	59921683	28	3
20	59921684	59957771	16	3
20	59957772	59959029	5	0
20	59959030	59970271	17	3
20	59970272	59974131	17	2
20	59974132	59974531	4	1
20	59974532	59975668	15	3
20	59975669	60048886	14	3
20	60048887	60051095	13	3
20	60051096	60137275	12	3
20	60137276	60137333	2	3
20	60137334	60158928	4	11
20	60158929	61152029	2	2
20	61152030	62248014	3	2
20	62248015	62965519	2	2
21	14708781	14956062	1	1
21	14956063	15028815	1	0
21	15028816	15120815	0	0
21	15120816	15200549	1	0
21	15200550	15554717	1	1
21	15554718	15555717	5	0
21	15555718	15890630	1	1
21	15890631	16172473	2	1
21	16172474	16176968	1	1
21	16176969	16266352	2	1
21	16266353	16500987	3	1
21	16500988	16816016	4	1
21	16816017	17396156	2	1
21	17396157	17753987	1	1
21	17753988	18001196	3	1
21	18001197	18265206	4	1
21	18265207	18759165	3	1
21	18759166	18906644	4	1
21	18906645	19305934	5	1
21	19305935	19680328	4	1
21	19680329	19976410	3	1
21	19976411	20083392	4	1
21	20083393	20388399	6	1
21	20388400	20540969	7	1
21	20540970	20668805	6	1
21	20668806	20858499	4	1
21	20858500	21015133	3	1
21	21015134	21222701	4	1
21	21222702	21253821	3	1
21	21253822	21547096	4	1
21	21547097	21775823	2	1
21	21775824	22086291	4	1
21	22086292	22291916	3	1
21	22291917	22320000	4	1
21	22320001	22753676	3	1
21	22753677	23186388	2	1
21	23186389	23951082	5	1
21	23951083	24168554	4	1
21	24168555	24952148	3	1
21	24952149	25056161	2	1
21	25056162	25303976	4	1
21	25303977	25615300	3	1
21	25615301	25779691	2	1
21	25779692	26157863	3	1
21	26157864	26875666	4	1
21	26875667	26977918	3	1
21	26977919	27229537	5	1
21	27229538	27338027	4	1
21	27338028	27441911	3	1
21	27441912	27448998	6	1
21	27448999	27566558	4	1
21	27566559	27807825	6	1
21	27807826	27984465	7	1
21	27984466	28104838	6	1
21	28104839	28113624	5	1
21	28113625	28249073	4	1
21	28249074	29033808	2	1
21	29033809	29364527	3	1
21	29364528	29495792	2	1
21	29495793	29544665	4	1
21	29544666	29705995	3	1
21	29705996	30046608	2	1
21	30046609	30352379	3	1
21	30352380	30758503	6	1
21	30758504	30791751	5	1
21	30791752	31286561	3	1
21	31286562	31564385	4	1
21	31564386	31570556	5	1
21	31570557	31628259	4	1
21	31628260	31631090	2	1
21	31631091	31744180	3	1
21	31744181	31746821	3	0
21	31746822	32128970	3	1
21	32128971	32360564	2	1
21	32360565	32364871	3	1
21	32364872	32595444	2	1
21	32595445	33507290	4	1
21	33507291	33673304	5	1
21	33673305	33743200	4	1
21	33743201	33950397	5	1
21	33950398	34218262	4	1
21	34218263	34796421	3	1
21	34796422	37362540	4	1
21	37362541	37494049	5	1
21	37494050	37981907	4	1
21	37981908	38117385	6	1
21	38117386	38300692	5	1
21	38300693	38311992	4	1
21	38311993	38658370	3	1
21	38658371	39019265	4	1
21	39019266	39401978	5	1
21	39401979	39459955	6	1
21	39459956	39721810	5	1
21	39721811	39963300	3	1
21	39963301	40001832	4	1
21	40001833	40096377	3	1
21	40096378	40498461	4	1
21	40498462	40524079	3	1
21	40524080	40582652	4	1
21	40582653	40623172	5	1
21	40623173	40901562	6	1
21	40901563	41328646	5	1
21	41328647	41391994	6	1
21	41391995	41878128	4	1
21	41878129	42035441	3	1
21	42035442	42334317	4	1
21	42334318	42527101	3	1
21	42527102	42667026	4	1
21	42667027	42703959	5	1
21	42703960	42903751	3	1
21	42903752	43119241	5	1
21	43119242	43176629	4	1
21	43176630	43789090	3	1
21	43789091	43811422	4	1
21	43811423	43890835	4	2
21	43890836	43934193	3	2
21	43934194	44046633	4	2
21	44046634	44710869	4	1
21	44710870	44739211	5	1
21	44739212	44749360	4	1
21	44749361	45255384	3	1
21	45255385	45724057	2	1
21	45724058	45735692	2	2
21	45735693	45755040	2	1
21	45755041	45777552	3	1
21	45777553	45805110	2	1
21	45805111	45915436	4	1
21	45915437	45971055	5	1
21	45971056	46122342	6	1
21	46122343	46267405	7	1
21	46267406	46426889	6	1
21	46426890	46440243	7	1
21	46440244	46543131	5	1
21	46543132	46730055	6	1
21	46730056	47105542	4	1
21	47105543	47134924	3	1
21	47134925	47192206	4	1
21	47192207	47316592	6	1
21	47316593	47316816	13	4
21	47316817	47393964	6	1
21	47393965	47589736	4	1
21	47589737	47590736	14	0
21	47590737	47823787	4	1
21	47823788	47824012	4	11
21	47824013	48119894	4	1
22	17438210	18359209	3	0
22	18359210	18360209	5	0
22	18360210	18619539	3	0
22	18619540	18625707	3	2
22	18625708	18657707	3	0
22	18657708	18765421	3	2
22	18765422	18873334	3	6
22	18873335	18883334	0	4
22	18883335	18884334	0	27
22	18884335	20327334	0	3
22	20327335	20367334	0	5
22	20367335	20456334	0	3
22	20456335	20462334	0	5
22	20462335	20489334	0	2
22	20489335	20707766	3	2
22	20707767	20742106	4	0
22	20742107	21613545	9	0
22	21613546	21635499	11	4
22	21635500	21635500	1	4
22	21635501	21643128	9	4
22	21643129	21644128	20	0
22	21644129	21681195	9	2
22	21681196	21682129	4	1
22	21682130	21696957	4	6
22	21696958	21918395	4	1
22	21918396	22222016	4	3
22	22222017	22262662	4	4
22	22262663	22279597	4	5
22	22279598	22307514	0	9
22	22307515	22401811	0	7
22	22401812	23243677	0	5
22	23243678	23248677	0	17
22	23248678	25055562	0	5
22	25055563	25411562	0	4
22	25411563	25454562	0	2
22	25454563	25662746	1	3
22	25662747	25923010	5	3
22	25923011	26573104	4	0
22	26573105	28217388	4	2
22	28217389	28255388	3	0
22	28255389	29339105	5	1
22	29339106	29544163	4	1
22	29544164	33051597	3	1
22	33051598	33090817	2	0
22	33090818	33379223	3	1
22	33379224	36831491	2	1
22	36831492	36855593	4	1
22	36855594	36911896	3	1
22	36911897	41633942	2	1
22	41633943	41915859	3	1
22	41915860	43410205	2	1
22	43410206	43504587	1	1
22	43504588	46098861	2	1
22	46098862	47753574	2	2
22	47753575	49126490	1	1
22	49126491	51081932	2	1
22	51081933	51082932	18	8
22	51082933	51244565	2	1
3	60001	623279	1	2
3	623280	659256	3	2
3	659257	8447705	1	2
3	8447706	9385212	1	3
3	9385213	10341081	1	2
3	10341082	11032989	1	3
3	11032990	12715664	1	2
3	12715665	14713305	1	3
3	14713306	16038734	1	2
3	16038735	16257130	1	3
3	16257131	24121062	1	2
3	24121063	25068458	1	3
3	25068459	36580706	1	2
3	36580707	38898004	1	3
3	38898005	45817584	1	2
3	45817585	46007701	2	2
3	46007702	49839052	1	2
3	49839053	49975653	1	3
3	49975654	54433253	1	2
3	54433254	54434253	0	5
3	54434254	68739451	1	2
3	68739452	68747451	0	0
3	68747452	75567362	2	1
3	75567363	75616739	1	1
3	75616740	75678739	1	0
3	75678740	75717948	1	2
3	75717949	75718948	0	24
3	75718949	75736948	0	5
3	75736949	75737948	0	15
3	75737949	75754908	2	2
3	75754909	75755908	2	3
3	75755909	75801567	0	1
3	75801568	75983386	2	1
3	75983387	75999386	4	1
3	75999387	101569225	2	1
3	101569226	101663741	4	1
3	101663742	107135583	2	1
3	107135584	107443583	2	0
3	107443584	109836415	2	1
3	109836416	109837415	19	0
3	109837416	129763383	2	1
3	129763384	129806746	0	0
3	129806747	135377982	2	1
3	135377983	135378982	17	0
3	135378983	141478720	2	1
3	141478721	141479720	16	0
3	141479721	157614782	2	1
3	157614783	157616557	3	1
3	157616558	168488794	2	1
3	168488795	168489794	27	0
3	168489795	172287332	2	1
3	172287333	172405696	3	1
3	172405697	178714348	2	1
3	178714349	192875884	3	1
3	192875885	192885413	0	1
3	192885414	195199152	3	1
3	195199153	195211152	0	0
3	195211153	195218112	3	2
3	195218113	195219112	16	0
3	195219113	195232341	5	0
3	195232342	195339300	3	1
3	195462576	195476981	3	4
3	195476982	195669646	3	1
3	195669647	195728159	3	3
3	195728160	197344272	1	3
3	197344273	197393901	2	3
3	197393902	197895309	1	3
3	197895310	197896309	0	16
3	197896310	197962429	2	2
4	70001	1421514	2	1
4	1421515	1423145	33	0
4	1478647	1526025	2	1
4	1526026	1526707	5	0
4	1526708	1664702	2	1
4	1664703	1846254	3	1
4	1846255	3572761	2	1
4	3572762	3636270	2	3
4	3636271	4015223	2	1
4	4015224	4021010	2	3
4	4021011	9157741	2	1
4	9157742	9214741	0	0
4	9214742	9249741	5	0
4	9249742	9250741	29	0
4	9250742	9370813	5	0
4	9370814	9456976	2	1
4	9456977	9482043	0	1
4	9482044	9619171	2	1
4	9619172	9633431	0	0
4	9633432	10211259	2	1
4	10211260	10234567	1	1
4	10234568	20689358	2	1
4	20689359	32127792	1	1
4	32127793	32128792	5	0
4	32128793	38480190	1	1
4	38480191	40295190	3	0
4	40295191	40298096	5	0
4	40298097	41752912	2	1
4	41752913	44660407	3	1
4	44660408	44702710	3	0
4	44702711	45687851	3	1
4	45687852	47296785	4	1
4	47296786	47407047	6	1
4	47407048	49057010	3	1
4	49057011	54033542	2	1
4	54033543	54174132	2	2
4	54174133	64694285	2	1
4	64694286	64716051	0	1
4	64716052	69373406	2	1
4	69373407	69490654	1	1
4	69490655	75180153	2	1
4	75180154	75282698	3	1
4	75282699	75321698	1	1
4	75321699	75375043	3	1
4	75375044	78894015	2	1
4	78894016	79900258	2	2
4	79900259	87065788	1	2
4	87065789	88268946	0	4
4	88268947	88270946	0	5
4	88270947	90044047	2	2
4	90044048	112258315	2	1
4	112258316	112260179	4	1
4	112260180	113404865	2	1
4	113404866	113406670	8	6
4	113406671	114724896	2	1
4	114724897	115892065	2	2
4	115892066	117020363	2	1
4	117020364	117923912	1	1
4	117923913	122640661	2	1
4	122640662	122702427	2	2
4	122702428	123743376	1	1
4	123743377	125548374	2	1
4	125548375	128355519	2	0
4	128355520	128849999	2	1
4	128850000	129134462	1	1
4	129134463	130401720	2	1
4	130401721	134655176	1	1
4	134655177	134656176	5	0
4	134656177	137905540	1	1
4	137905541	140347969	2	1
4	140347970	140350324	5	0
4	140350325	144784898	2	1
4	144784899	145099565	1	1
4	145099566	145175561	3	2
4	145175562	146920052	1	2
4	146920053	146928052	0	0
4	146928053	148163635	1	2
4	148163636	148212644	2	2
4	148212645	148537660	1	2
4	148537661	149318549	2	2
4	149318550	150259051	2	1
4	150259052	150659726	2	2
4	150659727	150720602	1	2
4	150720603	150798543	2	2
4	150798544	150876694	4	2
4	150876695	151250453	1	2
4	151250454	151418041	1	1
4	151418042	152520683	2	1
4	152520684	154959342	2	2
4	154959343	154968287	5	2
4	154968288	154979955	2	2
4	154979956	155084158	5	2
4	155084159	157816440	2	2
4	157816441	158214739	5	2
4	158214740	158626650	2	2
4	158626651	158626656	2	3
4	158626657	158640924	2	4
4	158640925	161214911	2	2
4	161214912	161814064	1	2
4	161814065	164128408	1	1
4	164128409	164133606	3	2
4	164133607	165867335	1	2
4	165867336	165890601	1	4
4	165890602	166456217	1	2
4	166456218	166737112	4	2
4	166737113	167500614	1	2
4	167500615	167501614	5	9
4	167501615	170247637	1	2
4	170247638	170613469	3	2
4	170613470	170622421	0	2
4	170622422	170653401	3	2
4	170653402	170733299	4	2
4	170733300	170876468	1	2
4	170876469	170884435	1	4
4	170884436	170885979	3	6
4	170885980	170891846	3	4
4	170891847	170960648	3	3
4	170960649	170965478	4	3
4	170965479	171160478	0	3
4	171160479	171634438	2	2
4	171634439	172497170	1	2
4	172497171	172511057	3	2
4	172511058	172520283	1	2
4	172520284	172548634	2	2
4	172548635	172549919	0	2
4	172549920	172565330	2	2
4	172565331	172602686	1	2
4	172602687	172653514	2	2
4	172653515	173296947	1	2
4	173296948	173424451	3	2
4	173424452	173433451	0	0
4	173433452	173743881	3	2
4	173743882	173948268	1	2
4	173948269	174229352	4	2
4	174229353	174413039	2	2
4	174413040	174542075	2	1
4	174542076	176042584	2	2
4	176042585	177078769	4	2
4	177078770	177680601	5	2
4	177680602	179064901	2	2
4	179064902	179072867	3	2
4	179072868	179699358	1	2
4	179699359	183556733	1	1
4	183556734	187353436	2	1
4	187353437	187355436	10	5
4	187355437	190196980	2	1
4	190196981	190203460	5	0
4	190203461	190539574	1	1
4	190539575	190586784	3	2
4	190586785	190680986	5	2
4	190680987	190815279	1	2
4	190815280	190824106	1	4
4	190824107	190916059	2	2
4	190916060	190988059	2	0
4	190988060	191017059	4	0
4	191017060	191044275	8	0
5	20001	140296	3	5
5	140297	140453	5	5
5	140454	260028	5	4
5	260029	272693	5	3
5	272694	281212	5	12
5	281213	283727	8	15
5	283728	284773	6	15
5	284774	284798	0	5
5	284799	297187	11	5
5	297188	298798	7	5
5	298799	299436	3	2
5	299437	302551	11	5
5	302552	302591	3	2
5	302592	317945	11	5
5	317946	318556	3	2
5	318557	373467	13	5
5	373468	379776	13	6
5	379777	380113	13	4
5	380114	443147	11	4
5	443148	443446	1	4
5	443447	472950	5	12
5	472951	473367	1	4
5	473368	481992	5	12
5	481993	482146	1	4
5	482147	484265	10	4
5	484266	484497	1	1
5	484498	491571	5	12
5	491572	492571	5	24
5	492572	495571	0	42
5	495572	496571	0	27
5	496572	505333	0	42
5	505334	510333	0	28
5	510334	515333	0	43
5	515334	516333	0	26
5	516334	523333	0	42
5	523334	524826	4	16
5	524827	529181	0	37
5	529182	537303	0	46
5	537304	552578	0	44
5	552579	553578	0	98
5	553579	554578	0	50
5	554579	555578	0	20
5	555579	562146	0	42
5	562147	565146	0	22
5	565147	583181	0	47
5	583182	586181	0	28
5	586182	604642	0	45
5	604643	616889	0	39
5	616890	616945	5	34
5	616946	626277	0	39
5	626278	629277	0	49
5	629278	630277	0	37
5	630278	631277	0	5
5	631278	640277	0	38
5	640278	650277	0	50
5	650278	651277	0	80
5	651278	665277	0	45
5	665278	676277	0	40
5	676278	689277	0	41
5	689278	694277	0	20
5	694278	698277	0	38
5	698278	722983	0	48
5	722984	734360	0	43
5	734361	735360	0	31
5	735361	739712	0	43
5	739713	740059	7	20
5	740060	741998	0	27
5	741999	742419	8	19
5	742420	745274	0	41
5	745275	745305	6	15
5	745306	748099	0	42
5	748100	749099	2	3
5	749100	750765	5	11
5	750766	767765	2	3
5	767766	770264	0	21
5	770265	778431	0	5
5	778432	784035	12	5
5	784036	785266	3	2
5	785267	788266	9	5
5	788267	825610	6	2
5	825611	827668	9	7
5	827669	828668	5	0
5	828669	835668	18	0
5	835669	836668	5	0
5	836669	840069	16	0
5	840070	841197	44	0
5	841198	841302	10	5
5	841303	843301	34	0
5	843302	844301	31	3
5	844302	862206	46	0
5	862207	878206	52	0
5	878207	880206	38	0
5	880207	898355	46	0
5	898356	899355	36	0
5	899356	958496	50	0
5	958497	982346	47	0
5	982347	984405	38	0
5	984406	1008786	48	0
5	1008787	1009786	26	0
5	1009787	1021015	50	0
5	1021016	1022274	37	0
5	1022275	1022460	81	0
5	1022461	1023460	37	0
5	1023461	1025703	14	0
5	1025704	1026320	85	0
5	1026321	1026536	38	0
5	1026537	1026555	3	2
5	1026556	1026579	10	7
5	1026580	1035860	51	0
5	1035861	1036961	36	0
5	1036962	1044396	48	0
5	1044397	1045396	72	0
5	1045397	1049624	44	0
5	1049625	1061237	48	0
5	1061238	1061687	4	2
5	1061688	1065398	41	0
5	1065399	1070346	48	0
5	1070347	1073346	14	0
5	1073347	1098391	50	0
5	1098392	1098568	17	6
5	1098569	1111591	51	0
5	1111592	1113243	40	0
5	1113244	1136269	58	0
5	1136270	1137716	70	0
5	1137717	1141850	55	0
5	1141851	1142850	33	0
5	1142851	1155472	52	0
5	1155473	1155710	28	0
5	1155711	1156057	26	2
5	1156058	1156364	28	0
5	1156365	1160925	55	0
5	1160926	1160943	26	3
5	1160944	1183559	48	0
5	1183560	1191411	54	0
5	1191412	1191626	16	4
5	1191627	1192349	47	0
5	1192350	1193075	17	8
5	1193076	1193100	25	0
5	1193101	1193228	13	6
5	1193229	1212490	48	0
5	1212491	1215419	41	0
5	1215420	1233981	50	0
5	1233982	1233989	33	0
5	1233990	1238374	47	0
5	1238375	1238560	124	0
5	1238561	1238563	82	0
5	1238564	1238709	53	0
5	1238710	1238756	15	4
5	1238757	1241756	50	0
5	1241757	1242756	37	0
5	1242757	1289494	46	0
5	1289495	1291165	90	0
5	1291166	1291405	47	0
5	1291406	1291423	12	3
5	1291424	1295423	41	0
5	1295424	1306583	45	0
5	1306584	1308909	31	0
5	1308910	1332805	47	0
5	1332806	1333805	112	0
5	1333806	1334805	57	0
5	1334806	1344374	42	0
5	1344375	1345374	24	0
5	1345375	1366374	35	0
5	1366375	1402201	38	0
5	1402202	1414560	32	0
5	1414561	1414583	75	0
5	1414584	1414598	58	0
5	1414599	1415598	23	8
5	1415599	1419931	31	0
5	1419932	1420305	26	5
5	1420306	1420381	31	0
5	1420382	1422501	26	5
5	1422502	1422548	31	0
5	1422549	1422797	52	0
5	1422798	1423140	8	6
5	1423141	1423374	3	2
5	1423375	1482155	28	5
5	1482156	1485124	25	0
5	1485125	1485337	33	0
5	1485338	1485966	29	4
5	1485967	1491328	33	0
5	1491329	1492641	28	5
5	1492642	1493607	33	0
5	1493608	1493866	28	5
5	1493867	1494069	33	0
5	1494070	1495069	29	4
5	1495070	1523251	33	0
5	1523252	1524251	5	0
5	1524252	1538495	32	0
5	1538496	1540346	47	0
5	1540347	1552713	29	0
5	1552714	1554011	25	4
5	1554012	1558007	29	0
5	1558008	1569969	20	5
5	1569970	1571285	5	5
5	1571286	1600056	5	19
5	1600057	1600241	5	0
5	1600242	1606843	5	19
5	1606844	1607049	2	3
5	1607050	1626732	6	18
5	1626733	1628732	0	5
5	1628733	1644601	19	5
5	1644602	1663780	15	3
5	1663781	1664279	6	3
5	1664280	1667366	14	4
5	1667367	1667718	3	1
5	1667719	1673660	16	4
5	1673661	1673980	5	0
5	1673981	1710404	16	4
5	1710405	1716404	10	2
5	1716405	1769018	17	5
5	1769019	1769327	3	2
5	1769328	1800126	14	4
5	1800127	1816889	17	5
5	1816890	1816958	4	1
5	1816959	1842905	4	17
5	1842906	1843068	0	49
5	1843069	1843339	0	72
5	1843340	1857867	4	17
5	1857868	1858611	0	33
5	1858612	1872328	5	18
5	1872329	1886876	3	13
5	1886877	1887199	1	4
5	1887200	1917095	18	4
5	1917096	1922274	14	4
5	1922275	1922344	5	0
5	1922345	1924548	5	15
5	1924549	1925302	2	3
5	1925303	1939169	5	17
5	1939170	1950932	4	14
5	1950933	1951522	4	1
5	1951523	1968237	4	18
5	1968238	1972560	3	5
5	1972561	1974437	15	5
5	1974438	2145282	4	2
5	2145283	2147282	17	0
5	2147283	2154818	5	1
5	2154819	2225242	5	16
5	2225243	2226742	2	3
5	2226743	2246134	4	17
5	2246135	2246609	0	5
5	2246610	2407754	16	5
5	2407755	2416348	19	5
5	2416349	2490384	18	5
5	2490385	2491584	47	0
5	2491585	2539922	17	5
5	2539923	2567953	20	5
5	2567954	2601197	15	5
5	2601198	2601280	0	5
5	2601281	2618954	4	16
5	2618955	2651089	4	17
5	2651090	2651132	0	5
5	2651133	2689273	17	5
5	2689274	2689597	21	5
5	2689598	2692109	18	5
5	2692110	2748426	19	5
5	2748427	2755484	13	3
5	2755485	2777248	18	5
5	2777249	2777868	11	3
5	2777869	2831859	18	5
5	2831860	2840311	39	0
5	2840312	2900381	19	4
5	2900382	2907691	16	4
5	2907692	2957010	17	4
5	2957011	2963207	20	4
5	2963208	2970579	20	3
5	2970580	3106312	18	4
5	3106313	3106943	5	0
5	3106944	3129159	5	18
5	3129160	3129252	2	8
5	3129253	3153774	4	18
5	3153775	3209220	4	15
5	3209221	7605182	4	0
5	7605183	7606182	15	0
5	7606183	9760182	4	0
5	9760183	11061182	5	0
5	11061183	13176182	4	0
5	13176183	15378182	5	0
5	15378183	16299182	4	0
5	16299183	17517182	5	0
5	17517183	17518182	21	0
5	17518183	17522182	46	0
5	17522183	17525182	39	0
5	17525183	17526182	52	0
5	17526183	17527182	78	0
5	17527183	17528182	58	0
5	17528183	17530656	31	0
5	17580658	17583657	13	0
5	17583658	17585657	48	0
5	17585658	17592657	18	0
5	17592658	17596657	49	0
5	17596658	17598657	29	0
5	17598658	17599657	58	0
5	17599658	32317637	4	0
5	32317638	34179144	4	1
5	34179145	34194144	29	0
5	34194145	34197144	14	0
5	34197145	42817352	4	1
5	42817353	46270444	4	2
5	46270445	51840029	3	1
5	51840030	57323803	3	0
5	57323804	57333803	0	0
5	57333804	63016183	0	3
5	63016184	63016294	0	4
5	63016295	63053410	0	3
5	63053411	63251698	2	3
5	63251699	63264186	2	0
5	63264187	63265737	4	0
5	63265738	63273056	4	1
5	63273057	63275134	4	0
5	63275135	68830134	3	0
5	68830135	68928134	2	0
5	68928135	68931134	5	0
5	68931135	69182134	2	0
5	69182135	69516134	3	0
5	69516135	69560134	2	0
5	69560135	69623134	3	0
5	69623135	69790134	2	0
5	69790135	69791134	5	0
5	69791135	69923134	2	0
5	69923135	70180134	3	0
5	70180135	70368134	2	0
5	70368135	70391134	1	0
5	70391135	70493134	3	0
5	70493135	70614134	2	0
5	70614135	79046130	3	0
5	79046131	79046311	4	0
5	79046312	79049541	3	0
5	79049542	79051675	2	0
5	79051676	102118884	3	0
5	102118885	102336413	3	1
5	102336414	102436413	3	0
5	102436414	102470868	4	0
5	102470869	102889965	3	0
5	102889966	103178281	3	1
5	103178282	103413030	2	1
5	103413031	103418550	3	1
5	103418551	103874795	3	2
5	103874796	104058795	3	1
5	104058796	104706795	2	0
5	104706796	106506664	3	0
5	106506665	106829185	5	0
5	106829186	108634011	3	0
5	108634012	109033119	3	4
5	109033120	109107806	3	6
5	109107807	109140038	3	4
5	109140039	109231028	3	5
5	109231029	109370806	3	2
5	109370807	109419827	2	2
5	109419828	109455453	3	3
5	109455454	109570083	0	3
5	109570084	109649145	3	3
5	109649146	109692399	2	3
5	109692400	109831444	0	3
5	109831445	110182328	2	2
5	110182329	110265607	2	3
5	110265608	110409313	1	3
5	110409314	110464434	0	3
5	110464435	110515728	1	3
5	110515729	110938373	5	3
5	110938374	110960032	6	3
5	110960033	111203593	5	3
5	111203594	111204292	5	4
5	111204293	111232863	3	4
5	111232864	111282411	3	2
5	111282412	111418383	3	1
5	111418384	111591061	3	2
5	111591062	111614445	3	3
5	111614446	111623312	4	1
5	111623313	111878637	3	1
5	111878638	111879300	7	2
5	111879301	111920875	7	3
5	111920876	111977574	8	3
5	111977575	112057244	3	3
5	112057245	112467784	4	3
5	112467785	112468556	2	3
5	112468557	112561068	7	3
5	112561069	112596208	6	3
5	112596209	112807649	5	3
5	112807650	112823210	6	3
5	112823211	112933190	5	3
5	112933191	113447757	4	3
5	113447758	113478835	3	3
5	113478836	113541756	4	3
5	113541757	113615386	5	3
5	113615387	113787410	4	3
5	113787411	113848470	3	3
5	113848471	113880159	3	2
5	113880160	113888064	4	2
5	113888065	113909002	6	3
5	113909003	113956321	4	3
5	113956322	114134581	5	3
5	114134582	114439769	6	3
5	114439770	114530116	4	3
5	114530117	114654133	5	3
5	114654134	114676955	4	3
5	114676956	114749481	3	3
5	114749482	114780736	3	4
5	114780737	114781364	3	7
5	114781365	114805062	3	4
5	114805063	114806179	3	11
5	114806180	114807506	3	7
5	114807507	114807803	3	9
5	114807804	114810434	3	5
5	114810435	114810967	3	6
5	114810968	114813058	3	5
5	114813059	114814347	3	9
5	114814348	114818276	3	6
5	114818277	114818861	3	9
5	114818862	114820256	3	5
5	114820257	114820628	3	8
5	114820629	114824634	3	5
5	114824635	114825191	10	5
5	114825192	114825784	6	5
5	114825785	114832204	6	6
5	114832205	114837276	7	6
5	114837277	114839649	7	2
5	114839650	114841349	10	2
5	114841350	114855068	10	3
5	114855069	114856070	5	3
5	114856071	114957190	10	3
5	114957191	114994628	11	3
5	114994629	115148919	9	3
5	115148920	115150013	5	3
5	115150014	115152744	9	3
5	115152745	115158295	6	3
5	115158296	115160675	5	3
5	115160676	115163040	9	3
5	115163041	115176346	6	3
5	115176347	115190411	4	3
5	115190412	115191032	7	3
5	115191033	115382583	4	3
5	115382584	115419185	5	3
5	115419186	115468037	6	3
5	115468038	115850769	5	3
5	115850770	115948879	4	3
5	115948880	115971044	5	3
5	115971045	116030028	3	3
5	116030029	116443239	4	3
5	116443240	116453578	5	3
5	116453579	116775320	1	3
5	116775321	116840668	0	3
5	116840669	116877311	9	3
5	116877312	117030981	0	3
5	117030982	117049574	0	4
5	117049575	140554073	0	3
5	140554074	140560073	0	5
5	140560074	175180436	0	3
5	175180437	175182575	11	3
5	175182576	175215081	0	3
5	175215082	175217264	11	3
5	175217265	175217275	8	3
5	175217276	175336607	3	3
5	175336608	175381134	3	2
5	175381135	175391165	3	5
5	175391166	176223620	3	0
5	176223621	176240053	8	0
5	176240054	176299000	15	0
5	176299001	176300005	3	2
5	176300006	176341466	3	13
5	176341467	176387466	3	23
5	176387467	176390466	0	5
5	176390467	176449811	0	24
5	176449812	176455200	7	7
5	176455201	176457997	14	7
5	176457998	176475997	14	1
5	176475998	176525812	23	3
5	176525813	176612011	11	3
5	176612012	176613011	5	0
5	176613012	176655173	12	3
5	176655174	176660283	9	3
5	176660284	176661190	5	3
5	176661191	176663931	9	3
5	176663932	176665864	6	3
5	176665865	176666529	12	3
5	176666530	176667579	12	1
5	176667580	176668067	12	3
5	176668068	176671980	13	3
5	176671981	176673555	9	3
5	176673556	176674714	12	3
5	176674715	176676106	8	3
5	176676107	176678061	10	3
5	176678062	176684274	7	3
5	176684275	176685266	8	3
5	176685267	176767816	7	3
5	176767817	176768109	2	3
5	176768110	176881209	7	3
5	176881210	176887654	3	3
5	176887655	177272678	0	3
5	177272679	177277970	0	7
5	177277971	177306647	0	4
5	177306648	177317543	0	8
5	177317544	177329543	0	3
5	177329544	177347543	0	1
5	177347544	179338146	0	3
5	179338147	179412490	1	3
5	179412491	179435045	1	12
5	179435046	179435049	1	9
5	179435050	179435179	2	9
5	179435180	179435623	1	9
5	179435624	179436989	4	9
5	179436990	179441227	4	8
5	179441228	179442153	4	14
5	179442154	179448289	4	10
5	179448290	179449138	3	10
5	179449139	179451917	3	9
5	179451918	179453711	6	9
5	179453712	179454815	2	9
5	179454816	179457079	4	9
5	179457080	179457733	0	9
5	179457734	179460391	3	9
5	179460392	179508544	3	5
5	179508545	179509541	3	11
5	179509542	179527051	3	5
5	179527052	179540105	3	9
5	179540106	179540341	3	1
5	179540342	179617461	3	10
5	179617462	179617798	2	2
5	179617799	179635704	10	3
5	179635705	179636447	2	1
5	179636448	179718188	10	3
5	179718189	179719188	4	1
5	179719189	179738924	9	3
5	179738925	179740826	6	2
5	179740827	179744487	10	3
5	179744488	179744720	4	1
5	179744721	179851886	10	3
5	179851887	179882759	7	3
5	179882760	179931901	9	3
5	179931902	179937230	6	2
5	179937231	179962702	9	3
5	179962703	179965105	9	4
5	179965106	179965636	1	4
5	179965637	180033876	3	9
5	180033877	180046208	3	7
5	180046209	180046343	1	4
5	180046344	180062010	3	9
5	180062011	180062795	1	2
5	180062796	180091977	3	7
5	180091978	180221197	3	9
5	180221198	180221662	1	4
5	180221663	180229949	3	9
5	180229950	180229965	1	4
5	180229966	180247046	3	7
5	180247047	180405431	3	10
5	180405432	180405545	1	4
5	180405546	180453371	3	8
5	180453372	180453382	3	10
5	180453383	180453779	3	14
5	180453780	180453886	3	11
5	180453887	180458573	3	15
5	180458574	180459096	3	21
5	180459097	180460364	3	19
5	180460365	180460849	3	23
5	180460850	180469384	3	19
5	180469385	180472512	3	18
5	180472513	180474079	0	37
5	180474080	180516025	3	24
5	180516026	180517025	0	5
5	180517026	180518593	0	16
5	180518594	180518626	0	5
5	180518627	180525202	3	19
5	180525203	180526202	0	5
5	180526203	180528202	0	20
5	180528203	180587718	3	24
5	180587719	180599635	3	19
5	180599636	180622215	3	23
5	180622216	180622221	3	24
5	180622222	180626029	3	25
5	180626030	180627029	0	28
5	180627030	180636449	3	25
5	180636450	180636677	2	13
5	180636678	180639504	3	25
5	180639505	180645100	3	21
5	180645101	180645395	0	31
5	180645396	180653129	3	28
5	180653130	180657235	0	31
5	180657236	180658235	3	28
5	180658236	180660339	0	31
5	180660340	180661339	3	28
5	180661340	180666776	0	31
5	180666777	180668963	2	29
5	180668964	180669307	0	31
5	180669308	180669640	0	57
5	180669641	180670250	0	34
5	180670251	180670432	4	30
5	180670433	180670469	0	34
5	180670470	180670762	3	31
5	180670763	180680116	3	12
5	180680117	180681116	3	0
5	180681117	180709534	3	7
5	180709535	180734168	2	6
5	180734169	180778168	0	4
5	180778169	180875168	0	2
5	180875169	180899168	0	4
5	180899169	180901168	0	18
5	180901169	180905259	0	8
6	60001	202000	2	0
6	202001	256958	2	1
6	256959	371084	5	3
6	371085	372716	18	0
6	372717	382558	4	1
6	382559	1706437	2	1
6	1706438	16389450	2	2
6	16389451	17806747	2	1
6	17806748	22240632	3	1
6	22240633	23878964	2	1
6	23878965	24812198	2	2
6	24812199	24813198	5	0
6	24813199	26670490	2	2
6	26670491	26777746	3	2
6	26777747	27890630	1	2
6	27890631	29765829	2	2
6	29765830	29786551	3	2
6	29786552	29874305	2	2
6	29874306	29903216	1	1
6	29903217	29920818	3	2
6	29920819	32552365	2	2
6	32552366	32568017	3	2
6	32568018	32570716	2	2
6	32570717	32604584	3	2
6	32604585	32629962	2	2
6	32629963	32633435	1	1
6	32633436	32635712	2	2
6	32635713	32639106	3	2
6	32639107	32639835	1	2
6	32639836	32640508	3	2
6	32640509	32649160	1	2
6	32649161	32663687	3	2
6	32663688	33606833	3	3
6	33606834	34828554	2	2
6	34828555	35082657	1	1
6	35082658	35754186	4	0
6	35754187	35767067	4	5
6	35767068	36027067	4	0
6	36027068	37026610	5	0
6	37026611	37394551	2	2
6	37394552	41199972	3	2
6	41199973	42192044	2	2
6	42192045	42401991	3	2
6	42401992	43249509	2	2
6	43249510	44753730	3	2
6	44753731	45332499	2	2
6	45332500	47945546	3	2
6	47945547	48815248	4	2
6	48815249	51094855	4	3
6	51094856	52425757	3	3
6	52425758	57205425	3	2
6	57205426	57360922	3	5
6	57634892	58077039	3	1
6	58077040	58087658	1	1
6	58137660	58717060	3	2
6	62017367	62843609	3	1
6	62843610	64001635	4	1
6	64001636	64114242	5	1
6	64114243	78967167	2	1
6	78967168	79036470	0	1
6	79036471	83274090	2	1
6	83274091	83275090	20	0
6	83275091	85902137	2	1
6	85902138	86221770	3	1
6	86221771	89923962	2	1
6	89923963	90059700	3	1
6	90059701	90441463	2	1
6	90441464	90567283	1	1
6	90567284	121484198	2	1
6	121484199	121485198	15	0
6	121485199	125515630	2	1
6	125515631	126198701	3	1
6	126198702	126320465	3	2
6	126320466	126511897	3	1
6	126511898	131256363	2	1
6	131256364	133261649	2	2
6	133261650	136286133	1	2
6	136286134	139147420	1	3
6	139147421	142830908	1	2
6	142830909	144296623	1	3
6	144296624	150138733	1	2
6	150138734	151034825	1	3
6	151034826	157730794	1	2
6	157730795	157735794	0	5
6	157735795	159636607	1	3
6	159636608	161033516	1	2
6	161033517	161067516	0	16
6	161067517	168630020	1	2
6	168630021	168630195	1	4
6	168630196	170685718	1	2
6	170685719	170686994	5	12
6	170686995	171046001	1	2
6	171046002	171055066	0	7
7	10001	24000	5	0
7	24001	25000	35	0
7	25001	775689	5	2
7	775690	1533432	2	2
7	1533433	2851779	5	2
7	2851780	30338060	2	2
7	30338061	31025659	4	2
7	31025660	37161790	2	2
7	37161791	37922800	2	1
7	37922801	51980835	2	2
7	51980836	53189633	2	1
7	53189634	53233314	2	2
7	53233315	54487049	2	1
7	54487050	55815406	2	2
7	55815407	56437651	2	1
7	56437652	56438651	67	0
7	56438652	56439651	136	0
7	56439652	56440651	107	0
7	56440652	56442593	46	0
7	56442594	56883951	2	1
7	56883952	56891951	5	0
7	56891952	57063651	2	1
7	57063652	57079651	0	1
7	57079652	63016183	2	1
7	63016184	63041495	2	3
7	63041496	63212474	2	1
7	63212475	63224474	5	0
7	63224475	64868918	2	1
7	64868919	66752992	2	2
7	66752993	69118590	2	1
7	69118591	69507429	1	1
7	69507430	70420966	2	1
7	70420967	70426184	1	1
7	70426185	70438879	2	1
7	70438880	70438888	2	2
7	70438889	73845551	1	2
7	73845552	74194505	2	2
7	74194506	74395505	3	0
7	74395506	74480505	2	0
7	74480506	74632835	2	2
7	74632836	74908724	2	0
7	74908725	75049489	2	1
7	75049490	78073121	2	2
7	78073122	79770050	2	1
7	79770051	80490103	2	2
7	80490104	87715957	2	1
7	87715958	88253683	2	2
7	88253684	90728205	2	1
7	90728206	93089313	2	2
7	93089314	97400869	2	1
7	97400870	97596950	2	2
7	97596951	98477183	2	1
7	98477184	100021404	2	2
7	100021405	100548272	2	1
7	100548273	100641642	2	3
7	100641643	100645642	0	14
7	100645643	101288693	2	2
7	101288694	101329693	1	0
7	101329694	101497112	1	2
7	101497113	102122465	2	2
7	102122466	102316247	6	2
7	102316248	103850314	2	2
7	103850315	104087533	2	1
7	104087534	105158282	2	2
7	105158283	105363196	3	2
7	105363197	108067634	2	2
7	108067635	115485310	2	1
7	115485311	116962285	2	2
7	116962286	120284523	2	1
7	120284524	121475411	2	2
7	121475412	127137564	2	1
7	127137565	132647356	2	2
7	132647357	133802326	2	1
7	133802327	135750092	2	2
7	135750093	141449705	2	1
7	141449706	142476108	2	2
7	142476109	142486355	0	0
7	142486356	143878189	2	2
7	143878190	144074628	6	2
7	144074629	144187386	2	2
7	144187387	148944340	2	1
7	148944341	149764746	2	2
7	149764747	150134868	2	1
7	150134869	150286189	2	2
7	150286190	150307584	2	1
7	150307585	151931821	2	2
7	151931822	151989821	5	0
7	151989822	154392154	2	1
7	154392155	154400154	0	0
7	154400155	158129030	2	1
7	158129031	158131030	14	0
7	158131031	158137309	4	1
7	158137310	158704276	2	1
7	158704277	158796265	2	2
7	158796266	159128662	2	1
8	10001	443000	2	0
8	443001	2193000	1	0
8	2193001	2285872	1	2
8	2285873	5791715	1	0
8	5791716	7011715	2	0
8	7011716	7111715	1	0
8	7111716	7154715	0	0
8	7154716	7201715	1	0
8	7201716	7227632	1	2
8	7227633	7403620	1	1
8	7403621	7427620	0	0
8	7427621	7462620	2	0
8	7462621	7798649	1	0
8	7798650	7875649	0	0
8	7875650	7879649	4	0
8	7879650	7991649	1	0
8	7991650	8045649	3	0
8	8045650	8062649	1	0
8	8062650	8088649	0	0
8	8088650	10789649	2	0
8	10789650	10791649	5	0
8	10791650	11895649	2	0
8	11895650	11974649	1	0
8	11974650	12008476	1	2
8	12008477	12053455	1	1
8	12053456	12091853	2	1
8	12141855	12206854	0	1
8	12206855	12251854	0	0
8	12251855	12395854	2	0
8	12395855	12455854	5	0
8	12455855	12745854	2	0
8	12745855	16567854	1	0
8	16567855	21623854	2	0
8	21623855	21661854	1	0
8	21661855	22993441	2	0
8	22993442	23022476	2	1
8	23022477	31769476	2	0
8	31769477	36201476	1	0
8	36201477	39197349	2	0
8	39197350	39198256	2	4
8	39198257	39229090	2	8
8	39229091	39286290	1	8
8	39286291	39286690	1	11
8	39286691	39297733	2	11
8	39297734	39301660	2	7
8	39301661	39321660	2	3
8	39321661	39660400	0	4
8	39660401	42349277	0	7
8	42349278	42396277	0	10
8	42396278	42397277	0	5
8	42397278	42602948	1	9
8	42602949	42946904	1	6
8	42946905	42947912	2	6
8	42947913	42952919	0	11
8	42952920	42956983	0	10
8	42956984	43510936	0	9
8	43510937	43514936	0	26
8	43514937	43655516	0	9
8	43655517	43685001	0	5
8	47022103	48180599	0	3
8	48180600	48211599	0	1
8	48211600	52730135	0	3
8	52730136	52731477	0	5
8	52731478	52733477	0	4
8	52733478	55748920	0	3
8	55748921	57523260	1	3
8	57523261	58117844	0	3
8	58117845	58126844	0	16
8	58126845	58992804	0	3
8	58992805	59867778	1	3
8	59867779	61086060	0	3
8	61086061	63640677	0	4
8	63640678	65897382	0	3
8	65897383	68696875	0	4
8	68696876	71062173	0	3
8	71062174	72130780	0	4
8	72130781	76839998	3	3
8	76839999	77185708	2	3
8	77185709	78540912	3	3
8	78540913	78833759	2	3
8	78833760	78834477	3	3
8	78834478	79343864	4	3
8	79343865	79594747	5	3
8	79594748	79950699	4	3
8	79950700	81538960	3	3
8	81538961	82049553	4	3
8	82049554	82396184	3	3
8	82396185	83923608	3	2
8	83923609	84352697	3	1
8	84352698	85088596	3	2
8	85088597	85389366	3	1
8	85389367	85391786	1	1
8	85391787	85649786	1	2
8	85649787	85904102	1	3
8	85904103	87734840	0	3
8	87734841	88462431	1	3
8	88462432	88672323	1	2
8	88672324	88673046	2	2
8	88673047	88888392	3	2
8	88888393	90209177	3	4
8	90209178	90517218	3	5
8	90517219	90763742	3	4
8	90763743	91223653	3	3
8	91223654	91406624	3	4
8	91406625	93112531	3	6
8	93112532	93560167	3	5
8	93560168	93595818	3	6
8	93595819	94420193	3	5
8	94420194	94421193	0	18
8	94421194	95998164	3	6
8	95998165	96220351	3	7
8	96220352	96220454	3	2
8	96220455	96496055	3	7
8	96496056	97331491	3	6
8	97331492	99885335	3	5
8	99885336	99974448	3	14
8	99974449	100041656	3	10
8	100041657	100254497	3	14
8	100254498	101230037	3	5
8	101230038	102870316	3	6
8	102870317	104450481	3	5
8	104450482	105352273	3	4
8	105352274	105972644	3	5
8	105972645	106287456	3	4
8	106287457	106295291	3	7
8	106295292	106296536	2	4
8	106296537	106606936	3	4
8	106606937	107109717	3	2
8	107109718	107135167	3	6
8	107135168	107234682	3	5
8	107234683	107255366	3	21
8	107255367	107331452	3	5
8	107331453	107331854	3	6
8	107331855	107332406	1	6
8	107332407	107351574	3	6
8	107351575	107352077	3	1
8	107352078	107411284	3	8
8	107411285	107411347	3	4
8	107411348	107533716	3	21
8	107533717	107593716	0	34
8	107593717	107594716	0	22
8	107594717	107638008	0	38
8	107638009	107639008	0	29
8	107639009	107664008	0	41
8	107664009	107685332	0	37
8	107685333	107706332	0	25
8	107706333	107707332	0	5
8	107707333	107756812	2	24
8	107756813	107796118	2	22
8	107796119	107814852	4	22
8	107814853	107814883	4	21
8	107814884	107822804	8	21
8	107822805	107833688	6	21
8	107833689	107836458	0	27
8	107836459	107838142	1	26
8	107838143	107841871	1	23
8	107841872	107841874	1	16
8	107841875	107842056	1	10
8	107842057	107843991	2	10
8	107843992	107844385	6	10
8	107844386	107890880	3	10
8	107890881	107975751	3	9
8	107975752	108004858	3	8
8	108004859	108017591	3	5
8	108017592	108019736	3	8
8	108019737	108037694	3	5
8	108037695	108038985	3	9
8	108038986	108046592	3	6
8	108046593	108060414	3	5
8	108060415	108061205	3	10
8	108061206	108071144	3	5
8	108071145	108071542	3	12
8	108071543	108075000	3	23
8	108075001	108080201	3	5
8	108080202	108086094	3	6
8	108086095	108140706	3	23
8	108140707	108147414	3	20
8	108147415	108149621	3	22
8	108149622	108154397	2	22
8	108154398	108252325	3	22
8	108252326	108253036	3	27
8	108253037	108273888	3	19
8	108273889	108356834	3	18
8	108356835	108360048	2	18
8	108360049	108361270	3	18
8	108361271	108382400	3	17
8	108382401	108382894	0	5
8	108382895	108449523	2	20
8	108449524	108454520	1	20
8	108454521	108490042	2	20
8	108490043	108884119	3	5
8	108884120	109015245	3	9
8	109015246	109018833	3	18
8	109018834	109044001	3	9
8	109044002	109141029	3	6
8	109141030	109210836	3	8
8	109210837	109220924	3	7
8	109220925	109233387	3	16
8	109233388	109234123	3	17
8	109234124	109306202	3	18
8	109306203	109534637	3	15
8	109534638	109575834	3	6
8	109575835	109820637	3	5
8	109820638	109821443	3	6
8	109821444	109821448	3	4
8	109821449	109889922	3	3
8	109889923	110026964	3	2
8	110026965	110027328	4	2
8	110027329	110027871	4	0
8	110027872	110028534	4	5
8	110028535	110142631	0	5
8	110142632	110142924	2	4
8	110142925	110808033	2	3
8	110808034	110809274	0	8
8	110809275	110813274	0	5
8	110813275	110845398	2	11
8	110845399	110865892	2	10
8	110865893	110899734	3	10
8	110899735	111166278	3	6
8	111166279	111260575	3	9
8	111260576	111261575	0	5
8	111261576	111442123	3	9
8	111442124	111520336	3	6
8	111520337	111523015	3	7
8	111523016	111531015	0	34
8	111531016	111533937	1	33
8	111533938	111536028	2	33
8	111536029	111539257	1	33
8	111539258	111539980	2	33
8	111539981	111577122	0	34
8	111577123	111613742	1	34
8	111613743	111614742	0	24
8	111614743	111687943	0	36
8	111687944	111845345	2	6
8	111845346	111893930	2	2
8	111893931	111900006	21	2
8	111900007	111901006	5	0
8	111901007	111938639	20	2
8	111938640	111938884	5	0
8	111938885	111965663	20	3
8	111965664	111966978	5	0
8	111966979	111977314	19	3
8	111977315	111977762	5	0
8	111977763	112459447	19	3
8	112459448	112510496	17	3
8	112510497	112530127	16	3
8	112530128	112585143	19	3
8	112585144	112595792	20	3
8	112595793	112649225	25	3
8	112649226	112650106	25	2
8	112650107	112670999	24	2
8	112671000	112671023	4	1
8	112671024	112690365	23	3
8	112690366	112696243	27	3
8	112696244	112698243	30	0
8	112698244	112700701	28	2
8	112700702	112702473	30	0
8	112702474	112703711	28	2
8	112703712	112706990	30	0
8	112706991	112877494	2	2
8	112877495	113021943	2	6
8	113021944	113031175	4	6
8	113031176	113309616	1	12
8	113309617	113416944	2	12
8	113416945	113422942	2	10
8	113422943	113537570	3	12
8	113537571	113538570	0	5
8	113538571	113752148	3	13
8	113752149	113754839	3	2
8	113754840	113755789	6	2
8	113755790	113755793	4	2
8	113755794	113878123	3	2
8	113878124	113923976	13	2
8	113923977	113924173	4	1
8	113924174	114537901	11	3
8	114537902	114580706	14	3
8	114580707	114581706	5	0
8	114581707	114617507	15	2
8	114617508	114837208	6	2
8	114837209	115115014	5	2
8	115115015	115127868	6	2
8	115127869	115738802	3	2
8	115738803	116080277	2	2
8	116080278	117407610	3	2
8	117407611	117407615	3	3
8	117407616	117507006	20	3
8	117507007	117508246	32	3
8	117508247	117511205	35	0
8	117511206	117691599	19	3
8	117691600	117692599	5	0
8	117692600	117795508	18	3
8	117795509	117795599	5	0
8	117795600	117874834	18	3
8	117874835	117916585	23	3
8	117916586	117961025	22	3
8	117961026	117963832	23	3
8	117963833	117983806	24	3
8	117983807	118110031	23	3
8	118110032	118110067	1	3
8	118110068	118399713	22	3
8	118399714	118422166	19	3
8	118422167	118431601	20	3
8	118431602	118448825	18	3
8	118448826	118448827	5	0
8	118448828	118499850	18	3
8	118499851	118553114	19	3
8	118553115	118694785	23	3
8	118694786	118772086	24	3
8	118772087	118772094	2	3
8	118772095	118789838	19	3
8	118789839	118790080	5	0
8	118790081	118871000	21	3
8	118871001	118871029	5	0
8	118871030	118977537	21	3
8	118977538	118979246	23	3
8	118979247	118981923	20	3
8	118981924	119052626	21	3
8	119052627	119080411	22	3
8	119080412	119085974	22	4
8	119085975	119086593	19	4
8	119086594	119110313	16	4
8	119110314	119123313	18	4
8	119123314	119124313	5	0
8	119124314	119156449	16	4
8	119156450	119193246	13	4
8	119193247	119198969	12	4
8	119198970	119199824	12	8
8	119199825	119207963	12	4
8	119207964	119212182	17	4
8	119212183	119213089	13	4
8	119213090	119213802	13	8
8	119213803	119230754	13	7
8	119230755	119232742	15	7
8	119232743	119344497	15	3
8	119344498	119366474	14	3
8	119366475	119509571	15	3
8	119509572	119584991	14	3
8	119584992	119801653	16	3
8	119801654	119801703	4	1
8	119801704	119804668	17	2
8	119804669	120923174	3	2
8	120923175	121426519	3	5
8	121426520	121546766	3	6
8	121546767	121594109	3	7
8	121594110	121609030	3	9
8	121609031	121662278	3	6
8	121662279	121750744	3	7
8	121750745	121750766	1	4
8	121750767	121949940	3	6
8	121949941	122016540	3	5
8	122016541	122082532	3	4
8	122082533	122384647	3	1
8	122384648	122403003	3	2
8	122403004	122980842	3	1
8	122980843	123112689	3	2
8	123112690	123718526	3	4
8	123718527	124016571	3	5
8	124016572	124349331	3	6
8	124349332	124364877	2	15
8	124364878	124366616	2	6
8	124366617	124423253	3	6
8	124423254	124550115	3	5
8	124550116	125303026	3	3
8	125303027	126137834	5	3
8	126137835	126236287	4	3
8	126236288	126495726	5	3
8	126495727	127856007	4	3
8	127856008	127905212	20	3
8	127905213	127922770	17	3
8	127922771	127981585	10	3
8	127981586	127982088	4	1
8	127982089	127991748	10	3
8	127991749	127994087	7	1
8	127994088	127998221	7	3
8	127998222	127998319	27	4
8	127998320	127998569	31	0
8	127998570	127999404	29	2
8	127999405	127999911	31	0
8	127999912	128000886	28	3
8	128000887	128001391	31	0
8	128001392	128002460	28	3
8	128002461	128002871	31	0
8	128002872	128005149	28	3
8	128005150	128007144	31	0
8	128007145	128007449	28	3
8	128007450	128007647	31	0
8	128007648	128010838	25	3
8	128010839	128011838	28	0
8	128011839	128020249	25	3
8	128020250	128022487	28	0
8	128022488	128025442	25	3
8	128025443	128026127	28	0
8	128026128	128029100	26	2
8	128029101	128032412	28	0
8	128032413	128033671	25	3
8	128033672	128034671	28	0
8	128034672	128036980	25	3
8	128036981	128037180	28	0
8	128037181	128039180	25	3
8	128039181	128041296	32	0
8	128041297	128046528	28	4
8	128046529	128054410	32	0
8	128054411	128054521	29	3
8	128054522	128055611	32	0
8	128055612	128058963	30	2
8	128058964	128061785	32	0
8	128061786	128062785	29	3
8	128062786	128065716	32	0
8	128065717	128069776	16	3
8	128069777	128120381	18	3
8	128120382	128122381	28	3
8	128122382	128126381	31	0
8	128126382	128127531	25	3
8	128127532	128172332	13	3
8	128172333	128770049	4	3
8	128770050	128912427	6	3
8	128912428	128913582	11	3
8	128913583	128925368	7	3
8	128925369	128925671	10	3
8	128925672	128930403	9	3
8	128930404	128997239	12	3
8	128997240	128997284	4	1
8	128997285	129018157	11	3
8	129018158	129018252	4	1
8	129018253	129034521	12	3
8	129034522	129202015	10	3
8	129202016	129203160	4	3
8	129203161	129203465	7	3
8	129203466	129204209	5	3
8	129204210	129208624	8	3
8	129208625	129209342	2	3
8	129209343	129210268	7	3
8	129210269	129211359	3	3
8	129211360	129212415	7	3
8	129212416	129213396	6	3
8	129213397	129218191	5	3
8	129218192	129219746	6	3
8	129219747	129333453	4	3
8	129333454	129867452	0	3
8	129867453	129868548	4	3
8	129868549	130320498	0	3
8	130320499	130335251	0	6
8	130335252	130336857	2	8
8	130336858	130341771	2	3
8	130341772	130343111	2	7
8	130343112	130363771	2	6
8	130363772	130430531	3	7
8	130430532	130476052	2	6
8	130476053	130477310	2	4
8	130477311	130507730	2	20
8	130507731	130508730	0	5
8	130508731	130568391	3	19
8	130568392	130843988	3	5
8	130843989	130844001	2	5
8	130844002	130864695	5	5
8	130864696	130865139	7	2
8	130865140	130866122	3	2
8	130866123	130867462	7	2
8	130867463	130869681	4	2
8	130869682	130870114	8	2
8	130870115	130871361	5	2
8	130871362	130875626	6	2
8	130875627	130876594	7	2
8	130876595	130881040	3	2
8	130881041	130881841	6	2
8	130881842	130896923	7	3
8	130896924	130901938	6	3
8	130901939	130924594	4	3
8	130924595	130926427	4	0
8	130926428	130929061	4	5
8	130929062	130930954	0	5
8	130930955	130933953	3	5
8	130933954	130934508	0	2
8	130934509	130934832	4	2
8	130934833	130935168	0	2
8	130935169	130940603	3	3
8	130940604	130942739	3	0
8	130942740	130944141	3	2
8	130944142	131281578	3	0
8	131281579	131388544	3	1
8	131388545	131389265	6	1
8	131389266	131390042	13	1
8	131390043	131390886	12	1
8	131390887	131391056	7	1
8	131391057	131392334	3	1
8	131392335	131393857	8	1
8	131393858	131397437	3	1
8	131397438	131399841	6	1
8	131399842	131406714	3	1
8	131406715	131407245	7	1
8	131407246	131439857	3	1
8	131439858	131440310	7	1
8	131440311	131559409	3	1
8	131559410	131881568	3	0
8	131881569	132004160	3	13
8	132004161	132008174	2	11
8	132008175	132008999	2	13
8	132009000	132010353	1	13
8	132010354	132054150	3	13
8	132054151	132177279	3	0
8	132177280	132228042	3	13
8	132228043	132229042	1	4
8	132229043	132252971	3	13
8	132252972	132256624	3	14
8	132256625	132304507	3	12
8	132304508	132304941	1	4
8	132304942	132335506	3	11
8	132335507	132337417	3	5
8	132337418	132368683	3	0
8	132368684	132368696	5	0
8	132368697	132402007	13	3
8	132402008	132443992	0	3
8	132443993	132453091	0	2
8	132453092	132455307	0	5
8	132455308	132457301	0	1
8	132457302	132514440	2	6
8	132514441	133207333	2	3
8	133207334	133208849	2	7
8	133208850	133209970	2	4
8	133209971	133212150	2	7
8	133212151	133826739	2	3
8	133826740	133830272	4	3
8	133830273	133835508	0	3
8	133835509	133843753	4	3
8	133843754	135059290	0	3
8	135059291	135068290	0	0
8	135068291	136497513	3	0
8	136497514	139139513	2	0
8	139139514	142745513	3	0
8	142745514	142825515	1	0
8	142825516	144153515	3	0
8	144153516	144155515	5	0
8	144155516	144700515	3	0
8	144700516	144714515	0	0
8	144714516	145187987	3	0
8	145187988	145213987	1	0
8	145213988	145288987	3	0
8	145288988	145501588	2	0
8	145501589	145642588	4	0
8	145642589	146304021	3	0
9	10001	40000	4	0
9	40001	1134570	6	0
9	1134571	1149086	13	4
9	1149087	1224857	13	6
9	1224858	1229957	3	2
9	1229958	1322266	12	6
9	1322267	1322302	5	0
9	1322303	1337834	11	6
9	1337835	1338207	3	2
9	1338208	1385235	12	6
9	1385236	1387562	3	2
9	1387563	1653020	6	6
9	1653021	1919565	2	6
9	1919566	1944788	2	7
9	1944789	2129183	2	8
9	2129184	2129309	1	4
9	2129310	2279624	2	8
9	2279625	2279662	1	4
9	2279663	2475753	2	8
9	2475754	2489060	1	7
9	2489061	2616302	2	8
9	2616303	2628677	2	9
9	2628678	2721793	2	10
9	2721794	2722793	1	4
9	2722794	2893562	2	10
9	2893563	2899850	1	7
9	2899851	2899924	1	4
9	2899925	3039298	2	9
9	3039299	3040298	2	1
9	3040299	3197539	2	9
9	3197540	3423716	2	12
9	3423717	3424716	0	5
9	3424717	3504670	0	15
9	3504671	3505670	1	3
9	3505671	3523420	2	13
9	3523421	3693939	2	12
9	3693940	3867395	2	15
9	3867396	4253685	2	14
9	4253686	4678504	2	13
9	4678505	4682028	2	12
9	4682029	4683294	1	4
9	4683295	4916040	2	11
9	4916041	5113104	2	12
9	5113105	5113451	1	4
9	5113452	5156284	2	12
9	5156285	5240063	2	13
9	5240064	5243063	0	5
9	5243064	5423841	2	13
9	5423842	5425108	1	4
9	5425109	5441960	2	13
9	5441961	5442061	1	3
9	5442062	5724031	2	13
9	5724032	5724044	1	4
9	5724045	5930099	2	13
9	5930100	5930505	1	4
9	5930506	6576501	2	12
9	6576502	6667007	2	10
9	6667008	6667420	1	4
9	6667421	6728641	2	9
9	6728642	6746993	1	7
9	6746994	6833676	2	9
9	6833677	7194879	2	10
9	7194880	7194948	2	3
9	7194949	7257664	2	10
9	7257665	7365388	2	9
9	7365389	7372130	1	7
9	7372131	7644381	2	8
9	7644382	7658763	1	7
9	7658764	7890647	2	9
9	7890648	7890720	1	3
9	7890721	8144972	2	9
9	8144973	8145158	1	4
9	8145159	8212025	2	9
9	8212026	8212237	1	4
9	8212238	8777067	2	10
9	8777068	8777222	1	4
9	8777223	8885458	2	10
9	8885459	8929547	1	9
9	8929548	8930013	1	4
9	8930014	8975864	1	9
9	8975865	9130008	2	10
9	9130009	9150789	2	6
9	9150790	9467319	2	8
9	9467320	9467447	1	4
9	9467448	9787470	2	8
9	9787471	9788428	1	4
9	9788429	9890706	2	8
9	9890707	9932905	4	8
9	9932906	9946905	0	13
9	9946906	9947905	0	5
9	9947906	10020712	3	9
9	10020713	10021712	0	4
9	10021713	10136502	3	9
9	10136503	10137647	0	5
9	10137648	10169290	3	7
9	10169291	10169405	1	4
9	10169406	10393576	3	8
9	10393577	10394298	1	4
9	10394299	10482166	3	8
9	10482167	10482324	3	2
9	10482325	10498665	3	8
9	10498666	10499211	3	1
9	10499212	10523382	3	7
9	10523383	10523684	2	2
9	10523685	10757497	8	3
9	10757498	10757517	2	3
9	10757518	10957414	8	3
9	10957415	10957735	2	3
9	10957736	11009073	8	3
9	11009074	11009664	4	1
9	11009665	11072881	8	3
9	11072882	11073306	2	3
9	11073307	11095081	7	3
9	11095082	11095326	2	3
9	11095327	11110608	8	3
9	11110609	11110627	2	3
9	11110628	11392574	8	3
9	11392575	11392639	2	3
9	11392640	11437027	7	3
9	11437028	11437633	2	3
9	11437634	11562203	8	3
9	11562204	11577359	6	2
9	11577360	11699163	8	3
9	11699164	11735264	6	2
9	11735265	11846005	8	2
9	11846006	11871700	6	2
9	11871701	12026429	8	2
9	12026430	12026473	2	2
9	12026474	12196166	8	2
9	12196167	12224274	6	2
9	12224275	12334769	8	2
9	12334770	12338609	4	1
9	12338610	12478492	8	3
9	12478493	12556641	9	3
9	12556642	12559641	4	0
9	12559642	12684589	9	2
9	12684590	12897725	9	3
9	12897726	12900097	8	2
9	12900098	12900151	3	2
9	12900152	12905889	3	9
9	12905890	12905915	1	4
9	12905916	13038236	3	10
9	13038237	13038284	3	2
9	13038285	13279148	3	9
9	13279149	13280148	0	5
9	13280149	13957529	3	10
9	13957530	13965529	0	8
9	13965530	14155147	3	10
9	14155148	14264282	2	10
9	14264283	14313503	3	10
9	14313504	14314503	0	5
9	14314504	14577673	3	9
9	14577674	14578126	1	4
9	14578127	14665919	3	9
9	14665920	14668919	0	5
9	14668920	15166630	3	9
9	15166631	15167630	0	5
9	15167631	15196584	2	10
9	15196585	15234898	3	10
9	15234899	15235160	3	2
9	15235161	15406141	3	10
9	15406142	15408141	0	5
9	15408142	15511704	3	10
9	15511705	16449787	3	11
9	16449788	16465979	2	10
9	16465980	16467708	0	5
9	16467709	16492209	2	12
9	16492210	16538694	2	13
9	16538695	16845509	2	10
9	16845510	16907384	2	9
9	16907385	16908662	1	4
9	16908663	17118413	2	9
9	17118414	17119413	0	5
9	17119414	17258539	2	9
9	17258540	17360178	2	7
9	17360179	17543163	2	9
9	17543164	17545163	0	5
9	17545164	17622983	2	9
9	17622984	17623059	1	3
9	17623060	17891266	2	9
9	17891267	17922745	1	7
9	17922746	17923745	0	49
9	17923746	17974535	2	7
9	17974536	18581384	2	9
9	18581385	23362510	2	1
9	23362511	23377822	0	1
9	23377823	37340394	2	1
9	37340395	38774730	3	1
9	38774731	39015558	2	1
9	39015559	39184703	3	1
9	39184704	40087796	2	0
9	40087797	40109796	4	0
9	40109797	40284029	2	0
9	40284030	40798239	3	0
9	40798240	41143213	1	1
9	41193215	41236214	1	0
9	41236215	41284214	3	0
9	41284215	41447793	2	0
9	41447794	41484793	1	0
9	41484794	41736793	2	0
9	41736794	41815793	1	0
9	41815794	41894793	3	0
9	41894794	41969793	5	0
9	41969794	41983793	1	0
9	41983794	42145793	3	0
9	42145794	42161793	5	0
9	42161794	42421793	3	0
9	42421794	42503793	5	0
9	42503794	42611793	4	0
9	42611794	42719955	3	0
9	42719956	42755955	5	0
9	42755956	42840955	3	0
9	42840956	43164955	5	0
9	43164956	43316448	2	1
9	43316449	43392448	1	1
9	43392449	43728510	2	1
9	43728511	43944303	2	2
9	43944304	44056569	2	0
9	44056570	44243365	3	1
9	44243366	44280868	0	1
9	44280869	44437351	3	1
9	44437352	44492351	2	0
9	44492352	44607867	1	0
9	70980921	72652581	1	3
9	72652582	72653581	0	14
9	72653582	73317050	1	3
9	73317051	73353050	0	2
9	73353051	75931170	1	3
9	75931171	78507253	1	2
9	78507254	85387570	1	3
9	85387571	85388570	0	26
9	85388571	90591162	1	3
9	90591163	91062262	1	2
9	91062263	102619443	1	3
9	102619444	107411239	1	2
9	107411240	119774306	1	3
9	119774307	122569891	1	2
9	122569892	126668997	1	3
9	126668998	126669997	0	34
9	126669998	130434561	1	3
9	130434562	130595149	1	5
9	130595150	136416720	1	3
9	136416721	136454116	1	1
9	136454117	138925022	3	1
9	138925023	138946806	1	1
9	138946807	140222414	3	1
9	140222415	140223414	30	0
9	140223415	140739536	3	1
9	140739537	140741058	13	10
9	140741059	140777104	3	1
9	140777105	140785184	9	2
9	140785185	141121343	3	1
9	141121344	141123343	26	0
9	141123344	141153430	6	0
X	290001	1030803	3	2
X	1030804	1131826	1	2
X	1131827	1210260	0	2
X	1210261	2195047	3	2
X	2195048	2200047	0	0
X	2200048	3751078	3	2
X	3751079	3855078	0	2
X	3855079	7737882	3	2
X	7737883	9372594	2	2
X	9372595	9374594	22	0
X	9374595	9376594	5	0
X	9376595	9381867	13	0
X	9381868	45355098	2	2
X	45355099	47852567	3	2
X	47852568	49158818	2	2
X	49158819	49210818	5	0
X	49210819	49220818	8	0
X	49220819	49221818	20	0
X	49221819	49238818	5	0
X	49238819	49241818	16	0
X	49241819	49353997	5	0
X	49353998	49355997	13	0
X	49355998	49821997	4	0
X	49821998	49822997	15	0
X	49822998	52103177	4	0
X	52103178	52566914	2	0
X	52566915	54792577	2	2
X	54792578	54796577	5	0
X	54796578	56794446	2	2
X	56794447	56807446	10	0
X	56807447	57260234	3	2
X	57260235	57798663	2	2
X	57798664	58286549	3	2
X	62151728	65279721	3	0
X	65279722	88458228	2	0
X	88458229	88463228	5	0
X	88463229	91022001	2	0
X	91022002	94452001	3	0
X	94452002	94733001	2	0
X	94733002	96305001	3	0
X	96305002	96765001	2	0
X	96765002	97130001	3	0
X	97130002	99225001	2	0
X	99225002	112124001	3	0
X	112124002	113777668	2	0
X	113777669	114887668	3	0
X	114887669	114959668	2	0
X	114959669	114979668	9	0
X	114979669	114983668	14	0
X	114983669	115001668	10	0
X	115001669	115002668	30	0
X	115002669	115003668	5	0
X	115003669	115005668	33	0
X	115005669	120009290	3	0
X	120009291	120116235	1	0
X	120116236	120899235	3	0
X	120899236	122075235	2	0
X	122075236	123929235	3	0
X	123929236	127807235	2	0
X	127807236	136591240	3	0
X	136591241	137816240	2	0
X	137816241	138861240	3	0
X	138861241	139502919	2	0
X	139502920	139502952	0	0
X	139502953	140082952	2	0
X	140082953	140103952	5	0
X	140103953	140601952	2	0
X	140601953	140753160	2	1
X	140753161	146363324	2	0
X	146363325	146368324	5	0
X	146368325	147583324	2	0
X	147583325	152230062	3	0
X	152230063	152350099	1	0
X	152350100	152435099	3	0
X	152435100	152463099	1	0
X	152463100	155260559	3	0
