1	4669437	-	3	135016642	-	0
1	37938371	+	2	68914883	-	0
1	44059292	+	1	44059895	+	0
1	46711700	-	10	120769123	-	0
1	67452625	+	16	77788961	+	0
1	70839176	+	15	34668270	-	0
1	89449250	-	X	135960240	+	0
1	93262274	+	1	93262355	+	0
1	110246185	-	7	156489860	-	0
1	116600115	-	X	64033721	+	0
1	146701608	+	1	146818829	+	0
1	157887195	+	1	157887823	+	0
1	168025733	+	19	24033177	-	0
1	169977194	+	1	170030042	-	0
1	187464827	+	1	187466728	+	0
1	192799296	+	1	193043312	+	0
1	209627205	+	1	213087989	-	0
1	240116010	-	1	240116683	-	0
1	242311557	+	5	152271970	+	0
10	5202143	+	10	5324733	-	0
10	25707687	-	2	148946472	-	0
10	57974630	+	3	52533635	-	0
10	58335777	+	3	51778435	+	0
10	75489001	-	5	54865803	+	0
10	103124721	+	11	62609126	-	0
10	112178172	+	7	92976850	-	0
11	1915269	+	11	1936945	-	0
11	45399298	-	3	196318559	-	0
11	47806629	+	15	75867355	-	0
11	55345247	+	11	55453809	-	0
11	58453127	+	17	38129051	-	0
11	62873521	+	6	123798955	+	0
11	69206073	+	21	20803484	-	0
11	69881838	+	8	112301797	+	0
11	90421824	-	11	91808927	-	0
11	90766711	-	11	91558327	+	0
11	96919399	-	6	108906532	+	0
11	99690483	+	11	99691300	+	0
11	102685821	+	5	87421021	+	0
11	103382145	-	15	22412530	+	0
12	9184435	-	17	37957968	+	0
12	11192429	+	12	11218099	-	0
12	12544903	+	12	12546583	+	0
12	34028559	-	12	34566990	+	0
12	56989707	-	15	39994637	+	0
12	73239539	+	15	94888549	+	0
12	104359629	-	12	125801148	-	0
12	104382541	+	12	125801166	+	0
12	132099137	-	12	132118436	-	0
13	19806801	+	14	101956447	-	0
13	23450414	-	7	48116623	-	0
14	19494134	-	19	19632141	-	0
14	42225441	-	14	48839977	+	0
14	47117867	-	14	63226272	-	0
14	50227793	+	8	96300265	-	0
14	50540136	+	3	15438105	+	0
14	60913993	+	14	60941074	+	0
14	93926229	-	14	93926549	-	0
14	106771929	-	15	22491441	+	0
15	22178351	-	4	57056335	-	0
15	31371375	+	20	59913451	-	0
15	40854176	+	7	26252967	+	0
15	51978929	-	15	51986537	-	0
15	75777984	+	4	184543769	+	0
15	92839372	+	8	74914210	+	0
15	100983042	-	15	101616213	+	0
16	27952916	-	16	27953518	-	0
16	48650830	+	16	48651349	+	0
16	85188747	+	16	85189801	+	0
17	37815477	-	17	37816073	-	0
17	37869735	-	17	37871281	-	-20
17	37916102	-	17	37917874	-	0
17	38047142	+	17	38053035	+	0
17	44315561	-	6	87719614	+	0
17	45671371	+	17	58203025	-	0
17	49909056	+	9	20414411	+	0
17	50675873	+	X	48998818	+	0
18	9654525	+	5	179729006	+	0
18	51576561	+	5	3995182	+	0
18	66572523	-	6	76031237	-	0
19	15786602	+	19	15888536	+	0
19	15819533	-	19	16018250	-	0
19	30901643	+	21	28757806	-	0
19	41425761	+	3	15661607	+	0
19	42602260	+	19	54383175	+	0
19	53193320	+	19	53869362	+	0
2	61700777	-	2	61703150	-	0
2	123476598	-	2	123482502	-	0
2	129703731	+	2	129722277	+	0
2	143580012	+	3	48255030	+	0
2	148720715	+	4	174229353	-	-2
20	11281630	-	X	81651229	-	0
20	12878797	+	9	8015352	-	0
20	47111003	+	3	47825825	+	0
21	16172473	+	21	19095837	+	0
21	16500988	-	5	1021016	-	-13
21	26520844	-	21	31744180	+	0
21	28113625	-	21	45044078	+	0
22	23872664	+	4	95870722	+	0
22	24461563	-	5	77392266	-	0
22	29065507	-	7	9338486	+	0
22	32927883	-	6	24684005	+	0
3	10088234	-	3	11911944	+	0
3	30413524	+	3	30413876	+	0
3	44741026	+	3	44742286	+	0
3	49441529	+	7	135792200	-	0
3	111274081	-	8	128533821	-	0
3	127496517	+	3	127497914	+	0
3	131687914	+	3	131696824	+	0
3	148479104	+	3	148499488	+	0
4	86014	+	4	367147	-	0
4	57600786	+	9	129127449	+	0
4	63927767	+	6	101513958	+	0
4	71878054	-	4	71955702	-	0
4	88847162	-	4	88858700	-	0
4	140226907	+	5	110761413	+	0
4	146624513	+	9	12953938	-	0
4	160453223	+	4	160534647	-	0
4	170800962	-	4	172520284	-	0
4	170838929	-	4	170857917	-	0
5	707984	-	8	119797451	-	0
5	1155710	+	8	112666725	-	0
5	1215419	+	8	118553115	-	-9
5	1337698	+	5	1337917	+	0
5	29069305	+	5	29069637	+	0
5	63267436	+	8	124308644	+	0
5	100699417	+	8	120727691	-	0
5	103423958	-	5	112155979	-	0
5	110524785	+	8	112286383	+	0
5	111584916	-	5	113431982	-	0
5	112265885	+	5	114134582	-	0
5	112467118	-	8	117733087	+	0
5	114810960	+	8	130827440	+	0
5	115449064	+	7	111232170	-	0
5	163807099	-	6	154846623	+	0
6	2731536	+	6	2966082	+	0
6	6029196	-	7	42911264	+	0
6	25647710	+	6	25647925	+	0
6	52650894	-	6	52691461	+	0
6	82349293	+	7	5488864	-	0
6	89923614	+	6	89923962	+	0
6	93706734	-	6	93743597	+	0
6	94741082	+	6	94741420	+	0
6	131884803	-	6	131885036	-	0
6	161336390	+	7	85956547	-	0
6	167636479	-	6	167697673	-	0
7	682397	+	8	127865475	-	0
7	5937004	-	7	5937890	-	0
7	17094711	-	X	11953190	-	0
7	65897579	-	7	66258742	-	0
7	121162417	-	7	121162581	-	0
7	121878657	+	7	121924884	+	0
7	134901908	+	X	112537156	+	0
8	43654991	-	8	43655517	-	-4
8	85865359	+	8	85875076	+	0
8	94773097	+	8	94901739	-	0
8	97331491	+	8	105376902	-	0
8	102870083	+	8	102870316	+	0
8	103435501	+	8	103435997	+	0
8	105377140	+	8	105506781	+	0
8	105972645	-	8	106050158	-	0
8	107614246	-	8	119002523	+	0
8	107822252	-	8	117614701	-	0
8	107841874	+	8	107975752	-	0
8	108080202	-	9	15888663	+	0
8	109306203	-	8	110865893	-	-2
8	117407616	-	8	122097254	-	0
8	130659513	+	X	142973369	+	0
8	134878290	+	8	135682514	-	0
9	2070983	+	9	7803251	-	0
X	29269149	-	X	29270198	-	0
X	48067831	-	X	48097514	+	0
X	155033258	+	X	155213995	-	0
