1	9121446	+	14	93713176	+	3
1	9121452	-	14	93712482	-	3
1	67452222	-	1	67452645	-	2
1	89695549	-	1	89802759	-	1
1	89796924	+	1	89833601	+	1
1	104136850	-	1	104303481	+	3
1	110031575	+	20	56677911	-	5
1	112059885	+	11	71137653	-	1
1	151339915	-	12	66451371	-	1
1	152555546	+	1	152587739	-	5
1	157531822	-	1	157538927	-	1
1	157573429	+	1	157574474	+	2
1	166077415	-	6	48815249	-	1
1	181081068	-	11	94846299	+	5
1	224941284	-	5	111878638	-	1
1	224941454	+	5	111879301	-	1
1	246751935	+	1	246835179	-	1
10	12524666	-	10	12942284	+	1
10	53695205	-	8	39229090	+	1
11	179895	+	16	90184503	+	20
11	16805969	+	11	16890969	-	1
11	38812658	-	8	52731477	+	1
11	38812671	+	8	52730136	-	2
11	46521148	+	11	46638048	-	2
11	51341190	+	11	51362944	-	3
11	60272335	+	8	130568391	+	14
11	68926897	-	8	107615505	-	7
11	69451587	+	8	127994088	-	2
11	69536257	+	4	152520684	-	1
11	69609301	+	5	116877311	+	9
11	69951991	-	8	39297733	+	4
11	69952805	+	8	39301660	+	4
11	70677778	+	11	88055604	-	5
11	73192503	-	11	85262578	+	1
11	84756992	-	20	40551459	-	1
11	88199479	+	11	94063707	-	5
11	90765329	+	8	107331453	-	1
11	91009651	+	5	103874795	+	1
11	91028141	-	8	107842057	-	1
11	91102065	-	5	102118885	-	1
11	91140379	-	5	112057245	-	1
11	91310908	-	8	121426520	-	1
11	91358304	+	5	113541757	-	1
11	91710001	-	8	107331854	+	2
11	91842450	+	8	107822804	+	2
11	91854908	-	11	91964653	-	1
11	91990253	+	5	102470868	+	1
11	94181499	-	11	94196487	-	4
11	94185871	+	4	158626651	-	1
11	94185877	+	5	63016294	+	1
11	94235877	+	5	114439769	+	2
11	94758556	-	11	94782495	+	1
11	94813623	-	11	94814401	-	3
11	97035198	-	8	129034521	+	2
11	97039539	+	8	130320499	-	3
11	101798633	-	11	101799177	-	2
11	103953893	-	11	103956374	-	2
11	103979263	+	11	103981585	+	6
12	33650763	-	12	33651983	-	3
12	34140922	+	12	34141961	+	1
12	34153428	-	8	90517218	+	1
12	34174450	+	12	34174731	+	2
12	34177683	-	12	43412558	+	1
12	34564498	-	12	34565617	-	4
12	40393760	-	20	53974896	-	13
12	40531884	+	9	15511705	-	1
12	40720581	+	9	16492210	-	1
12	41336446	+	20	58435446	-	4
12	41421473	-	20	57031702	-	1
12	41881948	+	12	43132625	-	1
12	43130825	-	22	22262663	-	1
12	44302368	-	3	157616557	+	1
12	45424240	-	8	42349278	-	3
12	51867179	+	8	111577123	-	1
12	57928762	-	12	58179688	+	2
12	99041013	+	12	99291050	-	1
12	99557882	+	12	99677342	-	1
12	118472976	+	12	118496265	-	1
13	113505543	-	13	113570800	+	2
14	21332170	+	14	22226349	+	1
14	53879372	+	8	105352274	-	1
14	57686994	-	X	139502953	-	2
14	57731341	+	X	139502919	+	2
14	106484208	+	15	22486813	-	4
14	106932615	+	14	107174920	-	1
15	27679711	+	15	27680753	+	1
15	31364840	-	15	31365298	-	3
15	41419380	-	15	41793606	+	2
16	21594446	+	16	22710752	+	1
16	29715599	-	16	29827848	+	2
16	48905286	+	16	48906232	+	1
16	48905811	-	16	48906238	-	1
16	79080084	+	16	79121750	-	1
17	26952083	+	8	79343865	-	1
17	37639781	-	17	37640882	-	18
17	37645646	-	17	37650217	-	17
17	37647438	-	17	37648269	-	35
17	38136307	+	17	38137774	+	60
17	44165255	-	17	44651805	+	2
17	57761249	+	17	57905288	-	1
17	70441712	+	17	80159517	-	2
19	1814594	-	19	2209137	+	1
19	32797134	-	19	38025328	+	1
19	33444266	-	3	75983387	-	2
19	38439640	+	19	42684004	+	1
19	45565478	-	19	45840315	+	2
19	47976517	-	19	48099919	+	1
19	48078775	-	2	152655872	+	1
19	53186784	-	19	53482018	+	1
19	55407672	-	19	55638619	-	1
2	33764574	+	2	33765262	+	1
2	33764623	-	2	33767877	-	1
2	34695827	+	2	34736560	-	2
2	79841914	-	2	79885689	+	2
2	98697341	+	8	93560168	-	1
2	101339033	-	2	101490221	+	1
2	116974340	-	2	116981883	-	1
2	116978295	+	2	116982311	+	1
2	148684027	-	2	148686815	-	2
2	153459914	+	2	153461436	+	1
2	153461096	-	2	153461448	-	1
2	180411424	+	2	180416205	+	1
2	180416222	-	2	180422179	-	1
2	184569176	+	2	184572011	+	1
2	184569192	-	2	184571019	-	1
2	197757691	+	X	91022002	-	1
2	199120152	-	5	1251544	+	3
2	202339378	+	2	203161866	-	1
2	205903223	-	2	205904019	-	1
20	124934	-	20	11830807	+	1
20	2828946	-	20	3571179	+	1
20	14691339	+	20	14831304	-	1
20	15107595	+	9	15196585	-	1
20	30837054	-	20	34064959	+	2
20	32442094	-	20	33952022	-	1
20	32558668	+	20	33770135	+	1
20	43305851	+	20	43312209	+	2
20	43308892	-	20	43311912	-	1
20	54037008	+	20	54304696	-	12
20	54605130	+	9	18581384	+	7
20	56693412	+	20	56695057	+	5
20	56775420	-	20	56776727	-	3
20	58533915	+	20	58534426	+	2
20	59859152	-	20	59860765	-	2
20	59970271	+	20	59975668	+	1
20	60048886	+	20	60051095	+	1
21	15890631	-	21	37362541	-	1
21	16176969	-	21	34218262	+	1
21	17753988	-	21	37981908	-	2
21	18759166	-	21	18906645	-	1
21	19976411	-	21	23260903	+	1
21	20388400	-	21	46267405	+	1
21	20540969	+	21	26977919	-	1
21	20668805	+	21	47192207	-	2
21	20858499	+	21	47105542	+	1
21	21222701	+	21	31286562	-	1
21	21253822	-	21	33833865	+	1
21	22291917	-	21	43176629	+	1
21	23186389	-	21	43934194	-	1
21	23951082	+	21	29033809	-	1
21	24168554	+	21	43119241	+	1
21	24952148	+	21	30758503	+	1
21	25615300	+	21	41328647	-	1
21	27229537	+	21	33507291	-	1
21	27441912	-	21	27984465	+	1
21	27448998	+	21	29495793	-	2
21	27566559	-	21	44739211	+	1
21	27807826	-	21	29705995	+	1
21	28104838	+	21	38658371	-	1
21	29544665	+	21	40001832	+	1
21	30352380	-	21	32595445	-	2
21	30791751	+	21	38117385	+	1
21	31570556	+	22	29339105	+	1
21	31631091	-	21	42035442	-	1
21	31746822	-	21	42527102	-	1
21	32128970	+	21	44749360	+	1
21	32364871	+	21	40623173	-	1
21	33673304	+	21	45735692	+	1
21	33950397	+	21	46426890	-	1
21	37494049	+	21	44046633	+	1
21	38300692	+	21	40582653	-	1
21	38888614	-	21	46440243	+	2
21	39401979	-	21	39459955	+	1
21	39488030	+	21	42334317	+	1
21	39721810	+	21	46269245	+	2
21	40498461	+	21	40524080	-	1
21	42667027	-	21	43890835	+	1
21	42703959	+	21	47334058	+	2
21	43811423	-	21	47134925	-	1
21	43996972	-	21	45805111	-	2
21	45724058	-	21	45755041	-	1
21	45971056	-	21	46122343	-	1
21	46543132	-	21	47393964	+	1
22	20742107	-	9	1385235	+	5
22	22222017	-	9	4678504	+	1
22	22279597	+	9	5156285	-	1
22	22307514	+	22	22401811	+	2
22	26573105	-	22	36831492	-	2
22	33379223	+	5	502952	+	1
22	36855593	+	22	36911896	+	1
3	12715665	-	3	75754909	-	1
3	45817585	-	3	46007701	+	1
3	101569226	-	3	101663741	+	2
3	129763383	+	3	129806747	-	3
3	195728159	+	5	283727	+	2
4	10211259	+	4	10234568	-	1
4	41752913	-	4	44702711	-	1
4	75180154	-	4	75375043	+	1
4	78894016	-	4	87065789	-	1
4	112258316	-	4	112816050	+	2
4	144784898	+	4	150659726	+	1
4	145175561	+	5	115176346	+	2
4	148163636	-	5	115382584	-	1
4	148537661	-	5	110960032	+	1
4	149318549	+	4	150259052	-	1
4	150720603	-	5	112823210	+	1
4	150798544	-	8	121594110	-	2
4	150876694	+	5	109455453	+	3
4	154959343	-	8	113754840	-	3
4	154968287	+	4	170247638	-	2
4	154979956	-	8	108140706	+	3
4	155084158	+	5	2539923	-	3
4	157816441	-	4	170613469	+	3
4	158214739	+	5	63053411	-	2
4	158626657	-	5	63016184	-	1
4	158640924	+	4	166456218	-	2
4	161814064	+	8	110845398	+	1
4	165867336	-	4	165890601	+	2
4	166737112	+	8	107756812	+	2
4	170622422	-	8	114537902	-	3
4	170653402	-	5	180469384	+	1
4	170733299	+	4	170788203	-	3
4	170876469	-	5	500152	-	2
4	170884436	-	4	172653514	+	1
4	170885979	+	4	173296948	-	2
4	170891846	+	8	118422167	-	1
4	170960649	-	4	172565330	+	1
4	170965478	+	5	2689274	-	4
4	172497171	-	4	172548634	+	2
4	172511057	+	8	118431601	+	2
4	173948269	-	4	177680601	+	3
4	176042585	-	5	111977574	+	2
4	179064902	-	5	110464435	-	1
5	140297	-	8	113755789	+	2
5	140453	+	5	180622222	-	1
5	260029	-	5	1571286	-	14
5	373468	-	8	122980843	-	1
5	379776	+	5	380113	+	2
5	491572	-	8	111687943	+	12
5	504333	+	5	2692110	-	1
5	732171	-	5	114810967	+	1
5	732361	-	8	131389266	-	7
5	848877	+	8	109141030	-	2
5	1081428	-	8	112530128	-	3
5	1326423	+	5	114825191	+	4
5	1327806	-	8	107838142	+	3
5	1337229	-	8	131397438	-	3
5	1337732	-	5	114818277	-	3
5	1340374	+	5	176240054	-	7
5	1396924	+	9	9890707	-	2
5	1402201	+	8	112595793	-	5
5	1558007	+	8	114617507	+	9
5	1974437	+	8	107255366	+	14
5	2154819	-	5	2831860	-	15
5	2407755	-	8	108017592	-	3
5	2416348	+	5	2907692	-	1
5	2567953	+	8	117874835	-	5
5	2618955	-	5	115850769	+	1
5	2689597	+	5	176887654	+	3
5	2840311	+	8	107234683	-	16
5	2900381	+	8	115127868	+	3
5	2957011	-	5	2970580	-	3
5	2963207	+	8	122403003	+	1
5	3153774	+	8	111442123	+	3
5	3209220	+	8	119804668	+	14
5	51840029	+	8	113309617	-	1
5	63264187	-	8	119230755	-	2
5	63265738	-	8	118981924	-	1
5	63273056	+	8	119232742	+	1
5	63275134	+	8	107601457	-	1
5	79046131	-	5	79051676	-	1
5	79046311	+	5	79049541	+	1
5	103178281	+	5	114530117	-	1
5	103418551	-	5	114676955	+	1
5	106506665	-	5	106829185	+	2
5	108634012	-	5	176881209	+	4
5	109033120	-	5	112467785	-	2
5	109107806	+	5	110515729	-	2
5	109140039	-	5	114749482	-	1
5	109231028	+	8	118399713	+	2
5	109370806	+	5	112807650	-	1
5	109570084	-	5	115468037	+	3
5	109649145	+	5	113956322	-	1
5	109692399	+	5	115971044	+	2
5	109797444	+	5	111232863	+	2
5	110182329	-	5	111591062	-	1
5	110265607	+	5	117049574	+	1
5	110409313	+	5	112933190	+	1
5	111203594	-	5	111282411	+	1
5	111204292	+	5	180639504	+	4
5	111418384	-	5	113347228	+	1
5	111920876	-	5	113478836	-	1
5	112561068	+	5	116775320	+	1
5	112596208	+	5	114994628	+	2
5	112679990	-	8	121609030	+	3
5	113447757	+	5	113615386	+	1
5	113787410	+	5	114957191	-	1
5	113848470	+	8	107890880	+	1
5	113880160	-	5	115948880	-	1
5	113909002	+	8	107332407	-	2
5	114654133	+	5	116443240	-	1
5	114780737	-	5	180453779	+	3
5	114781364	+	8	133208849	+	3
5	114805063	-	8	130942740	-	2
5	114806179	+	8	119198970	-	4
5	114807507	-	5	180459096	+	2
5	114807803	+	8	112690366	-	4
5	114810435	-	5	179962703	-	1
5	114813059	-	8	108253036	+	4
5	114814347	+	8	129204210	-	3
5	114818861	+	8	131440310	+	4
5	114820257	-	5	176663931	+	3
5	114820628	+	5	176673556	-	3
5	114824635	-	5	176684275	-	1
5	114825785	-	5	114841350	-	1
5	114832205	-	8	119213802	+	1
5	114837276	+	5	179442153	+	4
5	114839650	-	5	179457734	-	3
5	114855068	+	8	131393857	+	5
5	114856071	-	8	132457302	-	5
5	115148919	+	8	111536028	+	4
5	115150014	-	8	129210268	+	4
5	115152744	+	8	130881041	-	3
5	115158295	+	8	130896923	+	1
5	115160676	-	8	108046592	+	2
5	115163040	+	8	130940603	+	3
5	115190412	-	8	131406715	-	3
5	115191032	+	8	128925369	-	3
5	116030029	-	5	116726909	-	1
5	116453578	+	8	108884120	-	4
5	116840669	-	8	109220925	-	9
5	117030982	-	8	121546767	-	1
5	175180437	-	5	175215082	-	11
5	175182575	+	8	117511205	+	11
5	175217264	+	5	177306648	-	4
5	175217275	+	5	175391165	+	5
5	175336607	+	8	119052627	-	1
5	176223621	-	8	100254497	+	5
5	176341467	-	8	128065716	+	10
5	176449811	+	5	176457997	+	6
5	176455201	-	8	127922770	+	7
5	176525812	+	8	131881569	-	12
5	176655173	+	5	176678061	+	3
5	176660283	+	5	179457079	+	4
5	176661191	-	8	133835509	-	4
5	176665865	-	5	180458574	-	6
5	176666529	+	8	129203465	+	2
5	176667580	-	8	131439858	-	2
5	176668068	-	8	111539258	-	1
5	176671980	+	5	179460391	+	4
5	176674714	+	8	130934832	+	4
5	176676107	-	5	179454816	-	2
5	176685266	+	5	179509541	+	1
5	177277970	+	8	107622008	+	3
5	177317543	+	8	124349332	-	5
5	179412491	-	8	99885336	-	9
5	179435045	+	5	179435179	+	1
5	179435050	-	8	107833688	+	1
5	179435624	-	8	107844385	+	3
5	179436989	+	5	179448289	+	1
5	179441228	-	8	129208624	+	6
5	179449138	+	8	107836458	+	1
5	179451918	-	8	131399841	+	3
5	179453711	+	8	130865139	+	4
5	179508545	-	8	129202015	+	6
5	179527052	-	8	111845345	+	4
5	180453372	-	8	130944141	+	2
5	180453383	-	5	180453887	-	4
5	180460365	-	8	119213090	-	4
5	180460849	+	8	130934509	-	4
5	180622216	-	8	113755793	+	1
5	180653130	-	9	1653020	+	4
5	180669308	-	8	112706990	+	25
5	180669640	+	8	133212150	+	4
5	180669659	+	8	111523016	-	24
5	180670762	+	8	111893931	-	19
6	29765830	-	6	29920818	+	1
6	33606833	+	6	47945547	-	1
6	34828554	+	6	35082658	-	2
6	52409274	+	6	52425757	+	1
6	64001636	-	6	64114242	+	1
6	78967167	+	6	79036471	-	2
6	90059700	+	6	90567284	-	1
6	126198702	-	6	126320465	+	1
6	133261649	+	8	55748921	-	1
7	775689	+	7	1533433	-	3
7	780279	-	7	2851779	+	3
7	69118590	+	7	69507430	-	1
7	70420966	+	7	70438888	+	1
7	70426185	-	7	70438880	-	1
7	105158283	-	7	105363196	+	1
7	142465108	+	7	142486356	-	4
8	39197350	-	8	39198257	-	4
8	39286291	-	8	39286691	-	1
8	39660401	-	8	42602948	+	3
8	42946905	-	8	42947913	-	1
8	42952919	+	8	42956983	+	1
8	72130781	-	8	106606936	+	2
8	76839998	+	8	79950699	+	1
8	78833760	-	8	78834478	-	1
8	85391787	-	8	87734841	-	1
8	88672324	-	8	88673047	-	1
8	99974448	+	8	100041657	-	4
8	106287457	-	8	110809274	+	3
8	106295291	+	8	110027328	+	2
8	106296537	-	8	110026965	-	1
8	107109718	-	8	110028534	+	4
8	107135167	+	8	122016540	+	1
8	107411284	+	8	107814884	-	4
8	107411348	-	8	108086095	-	17
8	107606590	+	8	119156449	+	3
8	107685332	+	8	128127531	+	12
8	107796119	-	8	124423253	+	2
8	107814852	+	8	122384648	-	1
8	107834044	+	8	131391056	+	4
8	107836272	-	8	131390886	+	5
8	107841871	+	8	108071145	-	7
8	107843992	-	8	130864696	-	4
8	108004858	+	8	133816778	-	3
8	108019736	+	8	130924594	+	3
8	108037695	-	8	130935169	-	4
8	108038985	+	8	132453092	-	3
8	108060415	-	8	129209343	-	5
8	108061205	+	8	119207964	-	5
8	108075000	+	8	117407611	-	1
8	108147415	-	8	119110314	-	2
8	108149621	+	8	108449523	+	1
8	108154398	-	8	119193246	+	1
8	108252326	-	8	130926428	-	5
8	108273888	+	8	130476052	+	2
8	108356834	+	8	123718527	-	1
8	108360049	-	8	118499851	-	1
8	108361270	+	8	108454521	-	1
8	108490042	+	8	132337417	+	5
8	109015246	-	8	124364877	+	9
8	109018833	+	8	113752148	+	9
8	109044001	+	8	109210836	+	1
8	109233388	-	8	109234124	-	1
8	109534637	+	8	128172332	+	9
8	109820638	-	8	110142924	+	1
8	109821443	+	8	124550115	+	2
8	109821448	+	8	111520337	-	1
8	109889922	+	8	124766395	-	1
8	110027872	-	8	110808034	-	5
8	110142632	-	8	111680261	+	2
8	110899734	+	8	112877495	-	4
8	111533938	-	8	130843988	+	1
8	111539980	+	8	119199824	+	4
8	112459447	+	8	128069777	-	2
8	112510496	+	8	112585144	-	1
8	112649225	+	8	112650106	+	1
8	113021944	-	8	113031176	-	2
8	113878124	-	8	128120382	-	10
8	114837208	+	8	124366617	-	1
8	115115015	-	8	126495726	+	1
8	117507007	-	8	117508247	-	12
8	117916585	+	8	117983806	+	1
8	117961026	-	8	117963833	-	1
8	118694786	-	9	7257664	+	1
8	118977538	-	8	125303027	-	2
8	118979246	+	8	132514440	+	3
8	119080412	-	8	132008999	+	1
8	119085974	+	8	119086593	+	3
8	119212182	+	8	130876594	+	4
8	119344497	+	8	132252972	-	1
8	119366475	-	8	124016572	-	1
8	119584992	-	8	132256624	+	2
8	120923175	-	8	128770050	-	1
8	126137834	+	8	126236288	-	1
8	127856008	-	8	130477311	-	16
8	128912428	-	8	130336857	+	5
8	128913582	+	8	129867453	-	4
8	128925671	+	8	129213396	+	1
8	128930404	-	8	130867462	+	3
8	129203161	-	8	130901939	-	3
8	129211360	-	8	133207334	-	4
8	129212415	+	8	131390042	+	1
8	129218192	-	8	130343111	+	1
8	129219746	+	8	133826740	-	2
8	129333453	+	8	130869682	-	4
8	129868548	+	8	130341772	-	4
8	130335252	-	8	133843753	+	4
8	130844002	-	8	130870114	+	3
8	130866123	-	8	133830272	+	4
8	130871362	-	8	130933953	+	1
8	130875627	-	8	132443992	+	1
8	130881841	+	8	131392335	-	5
8	130929061	+	8	131407245	+	4
8	130930955	-	8	131388545	-	3
8	132008175	-	8	132010354	-	2
8	132054150	+	8	132402007	+	13
8	132177280	-	8	132368684	-	2
8	132455307	+	8	133209971	-	4
9	1134571	-	9	1149087	-	2
9	1919566	-	9	9130008	+	4
9	2616303	-	9	2628678	-	1
9	3523420	+	9	3867395	+	1
9	14155147	+	9	14264283	-	1
9	14775375	-	9	16538694	+	3
9	130434562	-	9	130595149	+	2
